gene,pval_lower,pval_median,pval_upper,log2fc_lower,log2fc_median,log2fc_upper,median_Control_median,median_Salmonella_infTLSwk3_median,FDR_BH
Tcea1,0.0025903828378144,0.0409970611329001,0.2465045573584016,28.651431552286688,29.00448504324042,29.302677516120657,0.0,0.5385425296617343,0.12401078235043053
Atp6v1h,0.0191546447804258,0.1905179717373536,0.8904027809514472,0.0,27.425132657431224,28.663584451223574,0.0,0.1802136000798675,0.332690534200949
Arfgef1,0.0074408008082341,0.0449578329938776,0.203551256135826,0.0,26.964191377180807,28.52480628193928,0.0,0.130927359735436,0.12401078235043053
Tram1,0.0516999549363111,0.2414967793951539,0.8904027809514472,0.0,28.464563358617003,29.181356954393635,0.0,0.3704139919239997,0.3915896053410747
Rpl7,0.2318570318570318,0.778865578865579,1.0,-0.0276060347454548,0.0192820171730844,0.0718962865122792,2.553396840430375,2.584810198435437,0.7860293910370559
Eloc,0.0038849847804668,0.0421027181166023,0.3166484128078302,0.1616685192871629,29.26369293866313,29.454689156882456,0.0,0.6671292130740452,0.12401078235043053
Smap1,0.0074408008082341,0.0449578329938776,0.203551256135826,0.0,27.79077753448469,28.884785340070582,0.0,0.2321975531036855,0.12401078235043053
Lmbrd1,0.0007946359005854,0.0074408008082341,0.0449578329938776,27.70095131708528,28.88003267117849,29.299449626262085,0.0,0.4940331699186395,0.08349762270603607
Phf3,0.0074408008082341,0.0779787345010902,0.4140017389158428,26.379595118679337,28.579867561395613,29.166015373416805,0.0,0.4012337039863745,0.18356138336073083
Dst,0.0025903828378144,0.0025903828378144,0.0191546447804258,28.7231289093916,29.02816429888934,29.394629504057374,0.0,0.5474546793465005,0.06475957094536
Ptpn18,0.04009324009324,0.3968919968919969,0.9550893550893552,-0.0114431669272715,0.1313738985934295,0.2788733796085502,1.2964952941782726,1.4227482991933549,0.5383665479819326
Plekhb2,0.0074408008082341,0.0449578329938776,0.203551256135826,0.0,26.379595118679337,28.32705852290768,0.0,0.0873070670954787,0.12401078235043053
Neurl3,0.0364698303560265,0.2159249389401403,0.9048611294504482,-0.4675202500282047,28.96074149446725,29.55105409044088,0.0,0.6341576929635078,0.36668250593875934
Cox5b,0.0289044289044289,0.280963480963481,0.778865578865579,0.0959563533178336,0.2872256260426921,0.4301664624474763,1.12608165059415,1.4027144362949624,0.43115996495949876
Mgat4a,0.0007946359005854,0.0074408008082341,0.0980347968077632,27.425132657431224,29.029792790120084,29.51150355361949,0.0,0.548072986389898,0.08349762270603607
Mrpl30,0.0074408008082341,0.0191546447804258,0.0980347968077632,0.0,28.13609692925658,29.167548934638518,0.0,0.2950045809719036,0.10169468667027137
Eif5b,0.0149970386368073,0.0489385496433655,0.164537455843051,0.3681680507032358,0.6201119595793803,0.8863231252964273,0.8236446895082465,1.2348408552133598,0.13461509128920177
Rpl31,0.0012432012432012,0.04009324009324,0.151981351981352,0.1042357266577068,0.1857147508976515,0.2475297556809528,1.88851915441606,2.1589272963608312,0.12401078235043053
Rnf149,0.2698712949217355,0.772139521993872,1.0,-0.3198812243864,-0.084953789525918,0.1721103167999948,0.756575325222425,0.7072396194853815,0.7860293910370559
Map4k4,0.0615470038293672,0.3968919968919969,0.9562121212121204,-0.7802099154523369,-0.2984069139255555,0.0799296085234897,0.831025808874414,0.6724732182632547,0.5383665479819326
Il1r2,0.2989684299125948,0.7536651375079032,1.0,-29.290463818063703,27.453782932250025,29.46394496179784,0.0,0.317705176132798,0.7860293910370559
Tpp2,0.0074408008082341,0.0449578329938776,0.0980347968077632,0.0,27.413540666014416,28.703273377655773,0.0,0.1787713934868845,0.12401078235043053
Stat1,0.0007946359005854,0.0010130446880794,0.0015383197232882,30.29947790411729,30.526772280720248,30.70358169213822,0.0,1.54694234251719,0.06475957094536
Gls,0.2238991155035703,0.6022000059254968,1.0,-0.2431589858325536,0.008033556287563,0.2475234332305474,0.8690522904598326,0.8642358321353381,0.7121013183402826
Nab1,0.0449578329938776,0.4140017389158428,1.0,0.0,26.379595118679337,28.33804395348846,0.0,0.0873070670954787,0.5581252111664092
Stk17b,0.2225910445768058,0.7650871933583798,1.0,-1.5260022409049068,-0.4518980255687683,29.069051892811714,0.6854754550724775,0.4973403489146265,0.7860293910370559
Ankrd44,0.0191546447804258,0.203551256135826,0.8040040579628547,0.0,26.57083842717998,28.56343503281117,0.0,0.0996826034641167,0.3511036950814466
Sf3b1,0.151981351981352,0.6943278943278944,1.0,-0.1134544489788884,0.0537284386845415,0.209807114612026,1.26075041438805,1.3123230080023651,0.7464875292855697
Coq10b,0.1606596780277105,0.6155996805739075,1.0,0.0,27.69581317470425,28.834764293091588,0.0,0.2174054955306065,0.7135031508999221
Hspd1,0.0074408008082341,0.0449578329938776,0.214863232775616,28.30998285336436,29.208093095290973,29.4213772014744,0.0,0.6201719752156155,0.12401078235043053
Hspe1,0.054079254079254,0.4634032634032634,1.0,-0.1406124604458891,0.1532487212267065,0.4241844485203476,0.9010127076967096,1.0099875281203388,0.5989669144119406
Bzw1,0.0139860139860139,0.0930450589520381,0.2971897434333751,-0.8689102908617636,-0.5292261803605731,-0.1920048401995344,1.00731962990593,0.7002931580490143,0.2127678282366289
Clk1,0.0938412779889524,0.6022000059254968,1.0,-0.441665152874485,0.0575029931458756,0.4060442567709945,0.7035930227815665,0.7229722763368722,0.7121013183402826
Ndufb3,0.0391701660299839,0.3571751117884024,1.0,-0.6529228086929316,0.1354255233998174,29.405494434994843,0.600471171272449,0.6518844526402202,0.508594697752051
Cflar,0.2238991155035703,0.6943278943278944,1.0,-0.3065509772035706,-0.0422608513447633,0.1900945517070605,0.9751056461941936,0.939457991729164,0.7464875292855697
Sumo1,0.0938616938616938,0.5358197358197359,1.0,-0.4559286842950458,-0.1833721555035895,0.1119147648717661,0.720312299993611,0.6339821320000207,0.6564788946922943
Fam117b,0.2465045573584016,0.7603899357833063,1.0,-1.0644114857568994,28.44482358118693,29.06531095513689,0.0,0.3895999582671445,0.7860293910370559
Raph1,0.032850157560644,0.0779787345010902,0.1606596780277105,-29.85268563479516,-29.683049153930465,-29.478980971838663,0.861962074283414,0.0,0.18356138336073083
Nrp2,0.0123852880473433,0.0779787345010902,0.3701959968159946,0.4361351868181094,29.280535139441223,29.69321387595649,0.0,0.6607793537076309,0.18356138336073083
Eef1b2,0.0289044289044289,0.1892773892773893,0.6943278943278944,0.0805590001035933,0.1470647139718272,0.2142207788794357,2.11584664540864,2.34933214764274,0.332690534200949
Rpl37a,0.151981351981352,0.5358197358197359,1.0,-0.0179464676765434,0.0271366215912626,0.0693344924688975,3.3534703860998,3.42040609338722,0.6564788946922943
Arpc2,0.0093240093240093,0.0721056721056721,0.5358197358197359,-0.1497512264220696,-0.0716786003231676,-0.0145598741899521,2.13607809489659,2.036663710156408,0.17345761560134276
Aamp,0.0025903828378144,0.0191546447804258,0.1704181223248704,28.754891170735625,28.913759138341497,29.029036577974797,0.0,0.5057184371988614,0.10169468667027137
Tmbim1,0.0421027181166023,0.3164717878479781,0.953011395422729,-1.742037104055294,-0.6967467572498044,28.74916314548294,0.6909333422388365,0.4178679916235792,0.4671388497756029
Slc11a1,0.1020809611324846,0.5218324839196351,0.9550893550893552,-0.2332892150655852,-0.0018791008941958,0.2879200440084249,0.982917372375588,0.9732901749476176,0.6564788946922943
Cul3,0.0191546447804258,0.0449578329938776,0.2414967793951539,0.0,27.536482732075143,28.441225371966137,0.0,0.1946736964043774,0.12401078235043053
Dock10,0.1407135248526926,0.681369734230704,1.0,0.0,28.53741828568473,29.021596824387395,0.0,0.3895999582671445,0.7464875292855697
Trip12,0.0025903828378144,0.0327788695088586,0.2585954908026854,26.941726820039644,28.555184946688836,29.076840898700297,0.0,0.394429017020515,0.12401078235043053
Sp140,0.0007946359005854,0.0025903828378144,0.0074408008082341,28.7702069430852,29.000293551365,29.356947881899032,0.0,0.5369801615480094,0.06475957094536
Itm2c,0.0205128205128205,0.2318570318570318,0.778865578865579,0.0694306317221179,0.3001870223361305,0.5065862517889761,0.9283216019130976,1.1467570758173649,0.3822350900815007
Psmd1,0.0280438836937886,0.0774514195598498,0.1905179717373536,27.78284769369596,28.84926031721799,29.198747354062604,0.0,0.4836071434760992,0.18356138336073083
Ncl,0.0006216006216006,0.0059052059052059,0.054079254079254,-0.4865012714912813,-0.314043368396686,-0.1993607979049165,1.7206197474995,1.382033303890711,0.08349762270603607
Ptma,0.2318570318570318,0.778865578865579,1.0,-0.0455368327401361,-0.0012563448346407,0.0429598349399445,2.94523167264238,2.9425567612240924,0.7860293910370559
Eif4e2,0.0049337312366027,0.0516999549363111,0.3807869973356925,28.79747010795802,29.08982127674384,29.24021409211528,0.0,0.5713586044018104,0.1400329770935314
Inpp5d,0.0637866593228369,0.2429082609043239,0.7715426535572856,-0.0884216093822172,0.2092988874412064,29.489287576118485,0.6495194828958806,0.7382501522172078,0.3925890468789196
Arl4c,0.0006216006216006,0.0021756021756021,0.0289044289044289,-0.4496753104711892,-0.3366331033542021,-0.2184261881332163,2.143066963178875,1.6988955696279326,0.06475957094536
Lrrfip1,0.0289044289044289,0.2318570318570318,0.6943278943278944,-0.6950178815699246,-0.2669688170893635,0.0472078320685341,0.871636647661803,0.7297827051012877,0.3822350900815007
Cops9,0.1178837571664433,0.4436570559117131,1.0,-0.2229583545262956,0.1463771867075905,0.5388911276626448,0.657730165735909,0.7487325899125162,0.5932448784195216
Gpr35,0.4513629851407167,0.8548127198282508,1.0,0.0,27.95779049980389,28.85910671849055,0.0,0.260695509972604,0.8587259011499467
Hdlbp,0.00800994232988,0.0518299272179096,0.2160305045116051,29.2174024151277,29.56765562059816,29.74605243816936,0.0,0.7964591981136897,0.1400329770935314
Fam174a,0.0007946359005854,0.00340809957091,0.0240225178357029,28.988056303991517,29.25244156598942,29.478902103992887,0.0,0.6395321324283751,0.07836135495709902
Vps4b,0.1272980462544935,0.6325851216960414,1.0,-0.7787743757812565,28.899756737006346,29.250776080022845,0.0,0.525976698512142,0.7310448305147348
Tsn,0.1026841156436345,0.3083373449914587,0.7828636615476965,0.0,27.05914346200553,28.91362241343583,0.0,0.1398343396757095,0.4634446395419565
Ralb,0.0191546447804258,0.0449578329938776,0.2653152307346181,0.0,26.99633254923563,28.401758589817916,0.0,0.13387696767703,0.12401078235043053
Dbi,0.0139860139860139,0.0938616938616938,0.4634032634032634,-0.5024525752906953,-0.2876859526392232,-0.1076584383772089,1.15930125268211,0.9532038806718746,0.2127678282366289
Actr3,0.151981351981352,0.6534576534576535,1.0,-0.1920828195260013,-0.0554035583358036,0.0813973683478787,1.61732432517537,1.55729407228992,0.7464875292855697
R3hdm1,0.0191546447804258,0.0449578329938776,0.203551256135826,0.0,26.67970145114417,27.963357922588205,0.0,0.107495530695156,0.12401078235043053
Ubxn4,0.008969389134836,0.0921673180446737,0.451509187944989,-1.097402872045985,-0.4386867104443216,-0.0937116186995638,0.8546998407783666,0.6178956624368059,0.2127678282366289
Cxcr4,0.1892773892773893,0.6125874125874127,1.0,-0.4763389585324683,-0.2102979043427248,0.0223916620280712,1.216983608798315,1.0597671305159788,0.7121013183402826
Mapkapk2,0.0037296037296037,0.0721056721056721,0.4652136752136735,0.0737191130011852,0.2323748659916465,0.407743079954329,0.908650452894172,1.0643289973744825,0.17345761560134276
Rab7b,0.04009324009324,0.1205905205905206,0.3356643356643357,-0.9528940250122114,-0.6652256019654685,-0.2598968817593353,1.57611102398072,1.000683463025864,0.2447752088039858
Nucks1,0.0173711500544092,0.0901559774973563,0.5963760053153956,28.00269047473831,28.94629340016288,29.277339051963583,0.0,0.5172524732164243,0.210470514843119
Snrpe,0.2318570318570318,0.6943278943278944,1.0,-0.1031660624814109,0.0532429558299125,0.200764290666178,0.964777747186389,0.9999975141701756,0.7464875292855697
Btg2,0.0553192420704978,0.1816653005134988,0.3852910073270225,0.0696511480973614,0.4857151293506427,0.9932842829256858,0.740896492496562,1.0188694955120463,0.33037658242556184
Ppfia4,0.0025903828378144,0.0191546447804258,0.0449578329938776,26.67970145114417,28.43930277950869,29.011539395106524,0.0,0.3639847524899192,0.10169468667027137
Adipor1,0.0007946359005854,0.0025903828378144,0.0123932749910412,29.24499183301545,29.52130786683528,29.699027039737647,0.0,0.7705471737824899,0.06475957094536
Ptprc,0.1205905205905206,0.5358197358197359,0.9562121212121204,-0.1357582060582853,-0.0521235872440923,0.0265109456063308,2.01742049224816,1.94689501442822,0.6564788946922943
Rgs2,0.0074408008082341,0.0280438836937886,0.2679659047636752,26.15182089383776,28.72749997483311,29.30020445405189,0.0,0.4444666623826557,0.12401078235043053
Rgs1,0.0239017976171966,0.0774491651088995,0.280963480963481,0.2590092317417361,0.566395656051553,0.9225574475395344,1.27288339611673,1.8369247205964323,0.18356138336073083
Ptgs2,0.0725931484850583,0.3968919968919969,0.8665112665112666,-0.0066124738460571,0.4298141973682719,1.0744476274678942,1.41210939108666,1.85261377441578,0.5383665479819326
Tpr,0.0139860139860139,0.0938616938616938,0.6125874125874127,0.1902994173161537,0.3901783534989916,0.5939299894865414,0.82076145168354,1.0712915658761024,0.2127678282366289
Ivns1abp,0.0191546447804258,0.0449578329938776,0.2414967793951539,0.0,27.413540666014416,28.837596461796625,0.0,0.1787713934868845,0.12401078235043053
Rgl1,0.1443765231983298,0.5235203207631774,1.0,-1.3873847027328328,-0.5693930220183804,0.2554296901292632,0.770338907458242,0.5007524387891702,0.6564788946922943
Arpc5,0.280963480963481,0.778865578865579,1.0,-0.113906069554568,0.005013647909063,0.1412724118219021,1.5437267097578848,1.551763231232915,0.7860293910370559
Ncf2,0.0021756021756021,0.04009324009324,0.280963480963481,-0.569812276187055,-0.3846900733566025,-0.1940121336456607,1.30571904818115,0.99832983723577,0.12401078235043053
Dhx9,0.0443127532885413,0.3795808914251254,1.0,0.0,26.941726820039644,28.56841405600124,0.0,0.1289044482945405,0.5347163056809006
Rnasel,0.0830811869664738,0.4027836942464756,0.9523456446736592,-29.4109843131262,-1.2958188981729708,28.45767583565001,0.656611062640492,0.1304521140334272,0.5452349528010894
Glul,0.0025903828378144,0.0303414864009956,0.2156542658901849,28.39022994429202,29.23281256343866,29.631700419950597,0.0,0.630889711152496,0.12401078235043053
Ier5,0.0721056721056721,0.6125874125874127,1.0,-0.3235898984694614,-0.069294576441056,0.1362641781091115,1.05401891312529,1.0090005932065378,0.7121013183402826
Cep350,0.0191546447804258,0.0980347968077632,0.5039104645747324,0.0,26.52118715014576,27.98805397010131,0.0,0.0963103249799625,0.2127678282366289
Tor1aip1,0.2627225686629024,0.7703347136423385,1.0,-0.9932903097395398,-0.1133803338059193,29.21393727728637,0.64374585027623,0.5824263268016632,0.7860293910370559
Soat1,0.0045417242076844,0.0239017976171966,0.1178837571664433,0.16465243217645,0.3256137727932198,0.672710732121619,0.8226889417472489,1.0187005196357437,0.11323263180313418
Mrps14,0.0074408008082341,0.0449578329938776,0.5039104645747324,0.0,27.858567040052783,28.675901703698003,0.0,0.2433684709416455,0.12401078235043053
Gas5,0.0725931484850583,0.2226536979813717,0.6024596910920444,0.003672165708191,0.3092389602625061,0.5311019396370524,0.829347466855935,1.019224550359358,0.376168565879563
Prdx6,0.2627829652794184,0.6757058487030954,1.0,-0.680687230463678,28.73723746924672,29.21410665618807,0.0,0.5073711599102365,0.7464875292855697
Prrc2c,0.0938616938616938,0.6125874125874127,1.0,-0.1313669633137831,0.0371748058088625,0.2399281521780738,1.13195789675541,1.157103701310975,0.7121013183402826
Mpc2,0.0074408008082341,0.1026841156436345,0.5309177213946519,26.79084575319095,28.59053342922218,29.16015744894013,0.0,0.404211023396703,0.21740125505722482
Creg1,0.0093240093240093,0.1205905205905206,0.5358197358197359,0.1236604269299342,0.438502998237076,0.6308819781521325,0.8376432758321011,1.1451174583422383,0.2447752088039858
Tmco1,0.0074408008082341,0.0687438363880664,0.3013890417146279,27.33549842822685,28.559516175513316,29.053929198039533,0.0,0.3956134328152362,0.17077871303953604
Fcgr2b,0.0289044289044289,0.1892773892773893,0.6943278943278944,-0.4443651524195728,-0.2194240110447283,-0.0168388831600053,1.53592988927468,1.3235379914147265,0.332690534200949
Fcgr4,0.0007946359005854,0.0025903828378144,0.0391701660299839,29.14608613104761,29.65302966800017,30.03229517444353,0.0,0.8442117654985567,0.06475957094536
Fcgr3,0.2307925407925408,0.778865578865579,1.0,-0.1347393402704965,-0.0082377317497486,0.1494939025283858,1.52886346931311,1.5204915482322,0.7860293910370559
Fcer1g,0.0289044289044289,0.3356643356643357,0.9550893550893552,-0.0083851646979064,0.0392243875260039,0.1111428456119138,3.091644929960775,3.1740140001931,0.4786549190881321
Ndufs2,0.0074408008082341,0.0449578329938776,0.4140017389158428,0.0,27.617080603719685,28.4620473012896,0.0,0.2058589021195709,0.12401078235043053
Ufc1,0.0449578329938776,0.1905179717373536,0.3343475784622092,0.0,28.07286871344229,28.668324799806825,0.0,0.282342038216963,0.332690534200949
Pfdn2,0.0980347968077632,0.4140017389158428,1.0,0.0,26.851566100441485,28.7077726798299,0.0,0.121095170550644,0.5581252111664092
Arhgap30,0.0898515464224497,0.4727139227350589,1.0,0.0,26.290011306698624,28.744458644809495,0.0,0.0820506421618547,0.6062402580530788
Slamf7,0.0007946359005854,0.0173711500544092,0.0785963690296532,28.267574483319947,29.1170290005795,29.5646095470652,0.0,0.5822360783288185,0.10169468667027137
Cd48,0.0025903828378144,0.0060562738692192,0.0240225178357029,28.873338470744997,29.102201535618285,29.348508230351545,0.0,0.576282725296987,0.08349762270603607
Cd84,0.0049522206264996,0.05582929463924,0.3164717878479781,28.816323839129616,29.12840178943442,29.461554098699036,0.0,0.5889614976288986,0.14413445348039086
Copa,0.0191546447804258,0.0980347968077632,0.6791567288705544,0.0,26.958945094005514,28.327582575553283,0.0,0.1304521140334272,0.2127678282366289
Pea15a,0.1116117682982922,0.530252539023499,1.0,0.3483047386975224,28.87290118774341,29.157704287647046,0.0,0.4962549937003842,0.6564788946922943
Igsf8,0.0025903828378144,0.0074408008082341,0.0779787345010902,28.510831454657968,29.06050129735648,29.439271700560106,0.0,0.5598640465129915,0.08349762270603607
Tagln2,0.0003108003108003,0.0014457807008947,0.0091553779041863,-2.324563733369428,-1.5537926785049911,-1.2010998363639178,1.52727860457013,0.517072022764279,0.06475957094536
Slamf8,0.00340809957091,0.0168274094827568,0.0383449826006377,29.1553540829299,29.428341005165954,29.659541244472795,0.0,0.7224592643965075,0.10169468667027137
Ifi207,0.0139860139860139,0.1205905205905206,0.3968919968919969,-0.7017284377460047,-0.4754204645070486,-0.225870231039096,1.351329917452155,0.972047532061705,0.2447752088039858
Ifi204,0.0074408008082341,0.0191546447804258,0.0449578329938776,27.453782932250025,28.424936158839884,28.944950929932592,0.0,0.3603781134367207,0.10169468667027137
Mndal,0.0071609681938079,0.0516999549363111,0.3000321049574381,28.79110760038496,29.124369881795072,29.389945236696423,0.0,0.5852062267555307,0.1400329770935314
Ifi203,0.0074408008082341,0.0191546447804258,0.0449578329938776,26.851566100441485,28.842196575125342,29.401921502344265,0.0,0.4812450872131477,0.10169468667027137
Ifi202b,0.0191546447804258,0.0449578329938776,0.1026841156436345,0.0,27.040225591281025,28.570758003193944,0.0,0.1380126800134207,0.12401078235043053
Cep170,0.0074408008082341,0.0449578329938776,0.203551256135826,0.0,26.67970145114417,28.5835126962656,0.0,0.107495530695156,0.12401078235043053
Hnrnpu,0.0721056721056721,0.5358197358197359,1.0,-0.2187392310593801,-0.0169053681055073,0.1312741619102996,1.2443157281469852,1.2243028510334302,0.6564788946922943
Itpkb,0.0074408008082341,0.0449578329938776,0.203551256135826,0.0,27.41022469482101,28.78131441905386,0.0,0.1783609671418172,0.12401078235043053
Acbd3,0.2159249389401403,0.5906786252963061,0.9513641829362992,1.0745937657116789,29.053302169082876,29.316697037671464,0.0,0.5591348447382778,0.7121013183402826
H3f3a,0.0139860139860139,0.151981351981352,0.5358197358197359,-0.1370439002395757,-0.08663914027131,-0.0268963051370603,2.77404285278552,2.615137783850305,0.28397650914207206
Sde2,0.0516999549363111,0.2585954908026854,0.7844105066306156,0.0,28.538802903354767,29.103165213146497,0.0,0.3899740539151132,0.41088181362454035
Cnih4,0.0007946359005854,0.0112833336286544,0.1443765231983298,28.88878699224689,29.146005591068032,29.37805114703333,0.0,0.5940485442711354,0.10169468667027137
Wdr26,0.0518299272179096,0.2327809794428478,0.8164750328978554,-0.1455518963966797,0.2916364600399144,29.591689950922145,0.601550604950969,0.7238964004551021,0.3834382271890112
Srp9,0.04009324009324,0.3909427714740615,1.0,-0.6455188722844674,-0.1407121710398004,0.0429225326135441,0.8989341157366265,0.814001361519621,0.5383665479819326
Mia3,0.0074408008082341,0.0191546447804258,0.0980347968077632,26.79084575319095,28.48637795197518,29.1841347153283,0.0,0.3760574985151839,0.10169468667027137
Eprs,0.0074408008082341,0.0769241046186093,0.5625488430004827,0.0,28.25990642061407,29.128651792363748,0.0,0.3214248914518397,0.18356138336073083
Atf3,0.0025903828378144,0.0025903828378144,0.0074408008082341,28.71498013224428,29.620024012059154,30.07234567479948,0.0,0.825119226238746,0.06475957094536
Nenf,0.0025903828378144,0.0191546447804258,0.1332470203401324,27.038756003981124,28.439528909923588,29.026721771938615,0.0,0.3640418085356355,0.10169468667027137
Ppp2r5a,0.0516999549363111,0.2465045573584016,0.7828636615476965,0.0,28.61950811185264,29.15800422694404,0.0,0.412411153183553,0.394580431332441
Slc30a1,0.0191546447804258,0.0449578329938776,0.203551256135826,0.0,26.15182089383776,28.37611142832786,0.0,0.074555987088821,0.12401078235043053
Cr1l,0.0191546447804258,0.0191546447804258,0.1479409233004462,0.0,28.016641430741178,28.91064015230937,0.0,0.2715497747085017,0.10169468667027137
Fam107b,0.4513629851407167,0.8548127198282508,0.9525800783628904,-2.271833404190289,26.57083842717998,28.46099384454644,0.0,0.0996826034641167,0.8587259011499467
Celf2,0.054079254079254,0.4634032634032634,0.9550893550893552,-0.0998716886037658,0.2347577644043932,0.4621241809106661,0.7681891034107452,0.9100686217969604,0.5989669144119406
Atp5c1,0.0003108003108003,0.0093240093240093,0.1892773892773893,0.2608252489805431,0.4089501083736158,0.5736602915782844,0.889275199223019,1.1746360630653483,0.09161650952695705
Rsu1,0.0074408008082341,0.0449578329938776,0.2414967793951539,0.0,27.70297134685666,28.913793572520024,0.0,0.2184880855282613,0.12401078235043053
Vim,0.0139860139860139,0.0205128205128205,0.0289044289044289,-0.4547745060004861,-0.3420999760261234,-0.259837743827262,3.057025003592315,2.4216314758096877,0.10361335169519305
Mrc1,0.1289960116674872,0.4436570559117131,1.0,-2.403344678183037,-0.943267642823773,-0.2869750930862357,1.6381803980397351,0.8629578389590107,0.5932448784195216
Pip4k2a,0.1606596780277105,0.6694111706224701,1.0,-1.7191441940843082,28.2260425242529,28.922432536218025,0.0,0.3596111594604627,0.7464875292855697
Apbb1ip,0.0025903828378144,0.0191546447804258,0.1479409233004462,28.12051979560621,28.904149994137985,29.337907108371677,0.0,0.5023612663575687,0.10169468667027137
Abi1,0.151981351981352,0.6843747548063993,1.0,-0.6219379794344257,-0.1882678172721396,0.201580836679872,0.748268587042754,0.6605306949710841,0.7464875292855697
Yme1l1,0.0191546447804258,0.0449578329938776,0.203551256135826,0.0,26.290011306698624,28.189840095644595,0.0,0.0820506421618547,0.12401078235043053
Il1rn,0.0938616938616938,0.3968919968919969,0.9550893550893552,-0.6463562566029398,-0.2029501530549293,0.109614248532344,1.67007374401692,1.4389626086482998,0.5383665479819326
Edf1,0.054079254079254,0.4634032634032634,1.0,-0.0697294304412749,0.1032099620663177,0.2759413384617633,1.0306732892837,1.0897323311079326,0.5989669144119406
Notch1,0.0327788695088586,0.05582929463924,0.2094823757163304,-29.854955340442803,-29.68225591377658,-2.107220228976718,0.865613033819709,0.0,0.14413445348039086
Rpl7a,0.0093240093240093,0.1892773892773893,0.5358197358197359,0.0735044503904528,0.1474678260579502,0.1990725132478299,2.097511062818725,2.3221476576404987,0.332690534200949
Surf4,0.0142298571038871,0.1272980462544935,0.7650871933583798,0.1731972600702317,29.026721771938615,29.294405634923745,0.0,0.546907562023141,0.2557615883546538
Ralgds,0.0007946359005854,0.0038849847804668,0.0314437345458923,29.124627714673142,29.385303731520388,29.567556388374616,0.0,0.7012257478099677,0.07910149424146319
Set,0.3356643356643357,0.8665112665112666,1.0,-0.1329632613243765,0.0301165556710361,0.16428423109699,0.9328764680407056,0.9539252448947224,0.8665112665112666
Tor1a,0.0191546447804258,0.0449578329938776,0.4140017389158428,0.0,27.35690845410219,28.625176720628065,0.0,0.1718928352910097,0.12401078235043053
BC005624,0.0191546447804258,0.0191546447804258,0.0980347968077632,0.0,27.963357922588205,28.988056303991517,0.0,0.2617034889315365,0.10169468667027137
Fnbp1,0.0143267497659919,0.1066231979755862,0.5511118499320437,0.2464237857767922,29.2742070099979,29.526082269945263,0.0,0.6618904909448163,0.22497950427540891
Swi5,0.0202223810889232,0.1692825080005217,0.7199178531944465,-0.0719364441505653,29.1609295945244,29.376553031043,0.0,0.6099532969196688,0.31106819925288265
Rpl12,0.2318570318570318,0.6943278943278944,1.0,-0.065087064835374,4.388586322937601e-05,0.0649099089000341,2.72075670147484,2.719996097886455,0.7464875292855697
Hspa5,0.0938616938616938,0.3356643356643357,0.9550893550893552,-0.2297718601539069,-0.0864762513226208,0.0202318975310207,2.38556280584336,2.2512468844611124,0.4786549190881321
Traf1,0.0516999549363111,0.2561796261420456,0.9499559814709728,0.641445123504415,28.74821915970899,29.274013599839478,0.0,0.4508959018167362,0.4086872064867044
Rab14,0.0721056721056721,0.384993546056126,0.9550893550893552,-0.0793750368480087,0.0940521427182165,0.3536147751671488,0.821133309338827,0.8735515247775474,0.5383665479819326
Gsn,0.0637866593228369,0.3837143535858314,0.9538477801698514,-0.0160158178920536,0.1872501671037277,0.4911652681135799,0.704524164182202,0.7871720123519437,0.5378536893768752
Ggta1,0.0059052059052059,0.04009324009324,0.280963480963481,-0.8044301595311326,-0.5171705370119255,-0.2403653094311366,1.05227463785805,0.7404518935037987,0.12401078235043053
Ndufa8,0.0025903828378144,0.0191546447804258,0.113048723731741,27.240919726767235,29.09332079433163,29.46930332895002,0.0,0.5727462202480152,0.10169468667027137
Ptgs1,0.0449578329938776,0.3013890417146279,0.8904027809514472,0.0,27.53743768311747,28.76286982304157,0.0,0.1948025977906347,0.4533460452295431
Dennd1a,0.0191546447804258,0.0449578329938776,0.203551256135826,0.0,26.79084575319095,28.376574646090923,0.0,0.1161042659824252,0.12401078235043053
Psmb7,0.0449578329938776,0.2414967793951539,0.6791567288705544,0.0,27.20505609531816,29.0546294646161,0.0,0.1547169571999942,0.3915896053410747
Rpl35,0.151981351981352,0.6125874125874127,1.0,-0.0135660208446981,0.0423354826367129,0.1263157336968607,2.17570957030007,2.2555389765015903,0.7121013183402826
Zeb2,0.3968919968919969,0.8665112665112666,1.0,-0.184844514380934,-0.0568766016753123,0.0824758138602125,1.82545566694944,1.747327104833695,0.8665112665112666
Prpf40a,0.008969389134836,0.0921673180446737,0.52296164404117,0.0889500235135487,0.3545721711259139,29.54622379073933,0.5865176918084369,0.7504818849219266,0.2127678282366289
Cytip,0.0003108003108003,0.0037296037296037,0.054079254079254,-1.2878386288871757,-0.8362110256103923,-0.4678141590647142,1.739119365646925,0.985458526945163,0.07836135495709902
Baz2b,0.0074408008082341,0.1332470203401324,0.8548127198282508,0.0,27.846686071979494,28.889658242844103,0.0,0.241372498372186,0.26159330533972314
March7,0.0421027181166023,0.2698712949217355,0.9077864979090876,-0.0407073326858462,0.1837886479529306,1.5936378242693223,0.727813882105881,0.8314648722799824,0.4253757441902854
Cd302,0.0007946359005854,0.0168274094827568,0.1693108983586304,28.732022661122123,29.324976253807385,29.62857548131449,0.0,0.6738069212188942,0.10169468667027137
Rbms1,0.0003108003108003,0.0003108003108003,0.0059052059052059,-0.8445004712289853,-0.6296334470736775,-0.4513770600930547,1.302231077867535,0.8517354417950492,0.055802783075508414
Tank,0.1828417017123981,0.6943278943278944,1.0,-0.332741484217623,-0.0064772979399261,0.2883084369045621,0.831757764317775,0.8164593320260067,0.7464875292855697
Ppig,0.3356643356643357,0.6943278943278944,1.0,-0.1290891132311763,0.0534087809755906,0.2130853019951006,1.29196308281032,1.3384459610898,0.7464875292855697
Ssb,0.3499208505492912,0.7715426535572856,1.0,-0.6338894904226562,-0.0330080489703281,0.4610208418555418,0.708335792370668,0.6876650201720765,0.7860293910370559
Dync1i2,0.0240007286894415,0.2159249389401403,0.8596837951986661,-0.3482628938330876,28.863075455660532,29.49685420874878,0.0,0.5754881310272404,0.36668250593875934
Wipf1,0.131875542841263,0.4727139227350589,1.0,0.0,27.838661004491428,29.008121877160217,0.0,0.2400335784339577,0.6062402580530788
Atp5g3,0.0537296037296037,0.280963480963481,0.8687257187257168,0.0989427041170198,0.2307530033496926,0.3588708141116227,0.969513424005379,1.1337367274489876,0.43115996495949876
Hnrnpa3,0.0205128205128205,0.151981351981352,0.6125874125874127,-0.335504850453146,-0.1451529153632449,-0.0014391332436151,1.33757092695212,1.2061330751731625,0.28397650914207206
Nfe2l2,0.0721056721056721,0.4634032634032634,1.0,-0.0764864558953878,0.095721597044768,0.2189958078156202,1.65803584187422,1.778505956293255,0.5989669144119406
Itga4,0.0074338049928734,0.1407135248526926,0.7651669686130661,28.01239071022034,28.96991701901438,29.31591448959077,0.0,0.525792024002304,0.27570358292070224
Itprid2,0.0638399918688504,0.640428787412791,1.0,-0.7374081289485117,-0.211814320931519,0.7182494857858328,0.708806883402426,0.6074968683774982,0.7379503238858005
Zc3h15,0.1026841156436345,0.4727139227350589,1.0,0.0,27.95779049980389,28.929764664806083,0.0,0.260695509972604,0.6062402580530788
Itgav,0.0191546447804258,0.5039104645747324,1.0,0.0,26.99633254923563,28.481881701910936,0.0,0.13387696767703,0.6433246073271471
Ptprj,0.1116117682982922,0.52296164404117,1.0,-0.9359074758027536,0.7329559152130518,29.40941469057776,0.3111437355615505,0.5595146603238665,0.6564788946922943
Ndufs3,0.0191546447804258,0.0449578329938776,0.0980347968077632,0.0,26.958945094005514,28.79974623240465,0.0,0.1304521140334272,0.12401078235043053
Ptpmt1,0.0191546447804258,0.0449578329938776,0.5039104645747324,0.0,27.038756003981124,28.728409055613287,0.0,0.1378721663141327,0.12401078235043053
Psmc3,0.0191546447804258,0.1479409233004462,0.6793255216523519,0.0,28.50659100288019,29.16798552982179,0.0,0.3813633596205497,0.28397650914207206
Spi1,0.151981351981352,0.6125874125874127,1.0,-0.1540353818053921,-0.0599251436113458,0.0513546822381787,1.53650232267859,1.4873723536557049,0.7121013183402826
Acp2,0.0007946359005854,0.0025903828378144,0.0074408008082341,29.080054243252103,29.39156516028729,29.55796726317362,0.0,0.7042757457071323,0.06475957094536
Cd82,0.0074408008082341,0.0191546447804258,0.0980347968077632,0.0,28.358610262111828,28.918466277723827,0.0,0.3441853040524677,0.10169468667027137
Hsd17b12,0.0025903828378144,0.0191546447804258,0.1905179717373536,0.0,28.45929305832972,28.970423649409543,0.0,0.3690633034665257,0.10169468667027137
Cd44,0.0021756021756021,0.0037296037296037,0.0093240093240093,-1.1018025045894213,-0.8398706411245145,-0.6398410072198948,2.02806607623365,1.1278071994053227,0.07836135495709902
Caprin1,0.1404205870230625,0.6012221988088494,1.0,-0.2537331261538937,0.0519035654172449,29.303997336068488,0.6385891691910734,0.661155330146773,0.7121013183402826
Lmo2,0.0191546447804258,0.0449578329938776,0.203551256135826,0.0,26.941726820039644,28.46650790364769,0.0,0.1289044482945405,0.12401078235043053
Eif3m,0.0240225178357029,0.3700277116622618,0.9548493635131172,-0.3078949266308468,28.96239444249911,29.29967714348493,0.0,0.5582694316279946,0.5238743588049943
Nop10,0.1168971876059197,0.6125874125874127,1.0,-0.2782417522985511,0.0519635064817836,0.3764168061520507,0.6736867427153845,0.706598264836696,0.7121013183402826
Emc7,0.0025903828378144,0.0074408008082341,0.1332470203401324,27.98453023195591,28.913759138341497,29.151892534506157,0.0,0.5057184371988614,0.08349762270603607
Spred1,0.0419302797097503,0.3013890417146279,1.0,0.0,28.526466967752864,29.07734550072585,0.0,0.3885220312271105,0.4533460452295431
Thbs1,0.0071609681938079,0.019769406440668,0.0588775892026952,-31.308923010163667,-31.22632913075717,-4.259520742603426,2.51257855886334,0.0,0.10361335169519305
Srp14,0.0205128205128205,0.1892773892773893,0.8665112665112666,0.0301206629779324,0.2316073305701523,0.4113674886664342,0.907442955857149,1.070302227211275,0.332690534200949
Chp1,0.1332470203401324,0.3152856482682895,0.8904027809514472,0.0,27.20505609531816,28.885627025032463,0.0,0.1547169571999942,0.4671388497756029
Rtf1,0.0074408008082341,0.0191546447804258,0.0980347968077632,0.0,28.403763845171984,29.042004255011676,0.0,0.3551279921598277,0.10169468667027137
Ehd4,0.0191546447804258,0.2093912448876893,0.9513641829362992,26.99633254923563,28.86505703543647,29.12587240561811,0.0,0.4889314721027155,0.3575865964042805
Zfp106,0.0007946359005854,0.0123932749910412,0.1028164018238646,28.811863064208524,29.288918250156044,29.68929150362535,0.0,0.6559080079043192,0.10169468667027137
Snap23,0.0023049801979101,0.0173711500544092,0.1272980462544935,28.523550580771523,29.192044724534647,29.56553414923493,0.0,0.6133114831468329,0.10169468667027137
Pdia3,0.0006216006216006,0.0289044289044289,0.2318570318570318,0.1352429142959007,0.246351772859009,0.3416855272855033,1.43496467249201,1.7047076385019726,0.12401078235043053
Serf2,0.0938616938616938,0.5358197358197359,1.0,-0.0771658086445284,-0.0201270643058147,0.0384301344514783,2.2971323237277,2.2635135125767927,0.6564788946922943
B2m,0.0003108003108003,0.0003108003108003,0.0003108003108003,0.2549740373849013,0.2924217283442885,0.3404702885052191,3.18852518958164,3.9013132317882016,0.055802783075508414
Gatm,0.0058711188627678,0.0239017976171966,0.1178837571664433,0.1408908147114227,0.315912885769284,0.4628336635220197,1.319683183693185,1.6439893423715874,0.11323263180313418
Eid1,0.0049728499972615,0.0995927108704562,0.6695685375744856,27.419876736746687,28.94829849146035,29.36467984263914,0.0,0.5572588836533217,0.21473319210606004
Usp8,0.0074408008082341,0.0449578329938776,0.203551256135826,0.0,26.851566100441485,28.699874834056097,0.0,0.121095170550644,0.12401078235043053
Sppl2a,0.0156568314229502,0.0798387196458526,0.3235367862420667,0.2008203891009031,0.5216872019063985,29.816464520666763,0.629736579056421,0.8774714617606364,0.1877160372625701
Dusp2,0.1020809611324846,0.5139035497128566,1.0,-2.117324063731129,-0.6981417797338791,-0.0807519392897656,0.862041095426431,0.5343820534755948,0.6527070808250107
Mtln,0.0074408008082341,0.0449578329938776,0.2414967793951539,0.0,27.95779049980389,28.928417195602417,0.0,0.260695509972604,0.12401078235043053
Bcl2l11,0.151981351981352,0.6943278943278944,1.0,-0.2027088202820723,0.0370323696094002,0.2798119831766006,0.8035980908061895,0.8188703992140385,0.7464875292855697
Il1b,0.3953613053613055,0.778865578865579,1.0,-0.287227512096964,-0.0572415647764564,0.2086381750968146,3.18990799921225,3.09751284939842,0.7860293910370559
Sirpa,0.0093240093240093,0.0139860139860139,0.0205128205128205,0.432487907144105,0.6019401093534109,0.7604426735482128,1.0157726086101202,1.5374215547737249,0.10169468667027137
Snrpb,0.0289044289044289,0.3356643356643357,0.9562121212121204,-0.3307130351311105,-0.1624653425490658,0.0382986861956378,0.8795216419502034,0.7846354496552269,0.4786549190881321
Ptpra,0.0074408008082341,0.0449578329938776,0.203551256135826,0.0,26.99633254923563,28.579867561395613,0.0,0.13387696767703,0.12401078235043053
Ddrgk1,0.0074408008082341,0.0901559774973563,0.3013890417146279,27.95779049980389,28.945790008866265,29.108084871038844,0.0,0.517072022764279,0.210470514843119
Smox,0.0139860139860139,0.1321178224188759,0.5624846616632901,-1.1252346624461882,-0.540239206490775,-0.1708021548318362,1.09002003488162,0.7488093834977283,0.26159330533972314
Pcna,0.2997853409038892,0.6604192593759595,1.0,-1.2237911569251618,27.9011836010869,29.01622556610453,0.0,0.2609295102263534,0.7464875292855697
Snrpb2,0.0074408008082341,0.0449578329938776,0.0980347968077632,0.0,27.602620269261827,28.84047337768745,0.0,0.2038058556751185,0.12401078235043053
Dstn,0.1065247209172874,0.6694111706224701,1.0,-2.8816205478989367,0.3258184173516087,28.924211928558314,0.272523718609279,0.3835420359174225,0.7464875292855697
Rrbp1,0.0003108003108003,0.0003108003108003,0.0093240093240093,0.3165064336451091,0.438169367337727,0.5566018262597457,1.38386180221948,1.8682259629019824,0.055802783075508414
Snx5,0.0091553779041863,0.0553192420704978,0.384993546056126,0.0696823909562737,0.3247994427087378,0.5338089926303815,0.8902945911589605,1.108255494540564,0.14413445348039086
Xrn2,0.0777478620482646,0.530252539023499,0.9499559814709728,26.99633254923563,27.826068939537624,28.96305314708129,0.0,0.2379476447285832,0.6564788946922943
Cd93,0.0489385496433655,0.2159249389401403,0.5207597818041769,-1.7117795615240767,-0.7859982379386306,-0.4162941807118452,1.2278857836907848,0.6957701065479089,0.36668250593875934
Cst3,0.151981351981352,0.6125874125874127,1.0,-0.1049225090875416,-0.0390764002251216,0.0436016616588159,2.79043982861178,2.718174325663288,0.7121013183402826
Abhd12,0.0007946359005854,0.0071609681938079,0.0383449826006377,28.62503143589961,29.161068034202707,29.511948996040463,0.0,0.6002831919171953,0.08349762270603607
Fkbp1a,0.0012432012432012,0.0127611587574058,0.0921673180446737,-1.8767375521368803,-0.7710978785822774,-0.506257917060711,0.808645355533459,0.4723050463771793,0.10169468667027137
Csnk2a1,0.0025903828378144,0.0191546447804258,0.1332470203401324,26.57083842717998,28.538718873733185,29.021411872460448,0.0,0.3899513405785952,0.10169468667027137
H13,0.0071609681938079,0.1332470203401324,0.6477042192622259,27.058670515237417,28.80006770133836,29.0560009660094,0.0,0.4673952067953615,0.26159330533972314
Hck,0.0007946359005854,0.0025903828378144,0.0202223810889232,29.31608656835758,29.58359206348544,29.832898167661625,0.0,0.8045417578523755,0.06475957094536
Mapre1,0.384993546056126,0.778865578865579,1.0,-0.3476288636136111,-0.1131665862430152,0.0782383289035856,0.8948926843354781,0.8204611880226407,0.7860293910370559
Chmp4b,0.0003108003108003,0.0093240093240093,0.1205905205905206,-0.6758074241896176,-0.4020623107155064,-0.2046349089998123,0.982917372375588,0.7527561129683851,0.09161650952695705
Raly,0.0143763260422726,0.1332470203401324,0.7443635642641119,0.0,28.278676564561515,29.276519073973063,0.0,0.325634103674087,0.26159330533972314
Eif2s2,0.3342968142968144,0.778865578865579,1.0,-0.1331357571783874,0.1254442224209581,0.3725218574819958,0.917251808353706,1.003765664252486,0.7860293910370559
Dynlrb1,0.0074408008082341,0.1026841156436345,0.3343475784622092,0.0,28.16375318207948,29.1066285131056,0.0,0.30070073998159,0.21740125505722482
Eif6,0.054079254079254,0.3837143535858314,1.0,-0.7718818862360386,-0.2031546330357507,0.0826644272462322,0.818079411896209,0.7090765616561555,0.5378536893768752
Romo1,0.1165267819440838,0.52296164404117,1.0,-0.239312862496026,0.0831673955058006,0.3256183073376882,0.7660343596973676,0.8193876738597663,0.6564788946922943
Rbm39,0.0021756021756021,0.054079254079254,0.3968919968919969,-0.4101781472873041,-0.2078608037745816,-0.050849280363726,1.51806107253579,1.3234380591847674,0.14240870240870218
Scand1,0.04009324009324,0.280963480963481,0.9550893550893552,-0.1085241886307195,0.1313897167300216,0.4627765484166134,0.9744931507530824,1.0370714356420574,0.43115996495949876
2900097C17Rik,0.0240225178357029,0.2002397372160336,0.8153345943552276,-0.2963009977221402,28.90903162879993,29.262770934452757,0.0,0.5040639809142495,0.3469065622821635
Rab5if,0.0074408008082341,0.0191546447804258,0.0779787345010902,28.72423514617185,29.262189104145047,29.491240380789066,0.0,0.6438677288553017,0.10169468667027137
Samhd1,0.0029036471090051,0.0086031545339284,0.0235255986784301,0.9671049359640972,30.233453638986283,30.38482267869037,0.0,1.2699659022283951,0.09161650952695705
Rpn2,0.2628903364198475,0.768278203545834,1.0,-0.7331165760359192,-0.0196129130737395,29.31882622897499,0.6453864759407425,0.6244131478086498,0.7860293910370559
Tgm2,0.0003108003108003,0.0021440236871193,0.0064882642630802,0.8223041323930297,1.015598462630929,1.2230368463153072,0.818752901542749,1.646297532882505,0.06475957094536
Mafb,0.0012432012432012,0.0139860139860139,0.151981351981352,-0.3969265564703185,-0.2655058182313384,-0.1658228735550917,2.6134189526665,2.18926151085243,0.10169468667027137
Top1,0.04009324009324,0.1892773892773893,0.5358197358197359,-0.294126099625827,-0.1646974641460987,-0.0464333154967663,1.657772610363325,1.4813437116287549,0.332690534200949
Srsf6,0.314938233104448,0.7603899357833063,1.0,-1.7858386998643276,27.452127482966038,28.404978097347385,0.0,0.2084022376461227,0.7860293910370559
Oser1,0.0191546447804258,0.0449578329938776,0.203551256135826,0.0,26.57083842717998,28.41425527711624,0.0,0.0996826034641167,0.12401078235043053
Serinc3,0.0489385496433655,0.2392973343324563,0.8665112665112666,0.032666058772536,0.2063029897411199,0.3824655669302175,0.902751555103871,1.0420648855426449,0.3915896053410747
Pkig,0.018861798681121,0.0449578329938776,0.203551256135826,0.0,26.379595118679337,28.3095371944842,0.0,0.0873070670954787,0.12401078235043053
Ywhab,0.280963480963481,0.778865578865579,1.0,-0.1567310680537143,0.0436842425550252,0.2122175933652809,1.02714446993705,1.0629414906439312,0.7860293910370559
Sdc4,0.04009324009324,0.1892773892773893,0.6146309246309228,-0.5658881160658732,-0.3327365865011729,-0.1101053469381088,1.4695959981870077,1.1538022506707448,0.332690534200949
Sys1,0.0060562738692192,0.0516999549363111,0.2997853409038892,28.538845600901062,29.08680255773462,29.295380780121008,0.0,0.5701643461201005,0.1400329770935314
Pigt,0.0074408008082341,0.0449578329938776,0.203551256135826,0.0,27.36552415676741,28.565114556156928,0.0,0.1729193585132359,0.12401078235043053
Ctsa,0.280963480963481,0.778865578865579,1.0,-0.163821330044266,-0.0371397068520709,0.0821992654204945,1.474987392018995,1.4409684000655487,0.7860293910370559
Pltp,0.3811326193376022,0.768278203545834,1.0,-1.0394677503696217,-0.364939419272445,0.0843343436236339,0.805482941202306,0.6207001977136772,0.7860293910370559
Cd40,0.018861798681121,0.0449578329938776,0.203551256135826,0.0,26.379595118679337,28.03632163251733,0.0,0.0873070670954787,0.12401078235043053
B4galt5,0.0421027181166023,0.2429082609043239,0.6325851216960414,-2.744068601773657,-0.9011891429797486,-0.3525997793169879,0.7725713610407601,0.3932569080940142,0.3925890468789196
Tmem189,0.1205905205905206,0.6943278943278944,1.0,-0.1909996738291373,0.0209802629762496,0.2620708755397555,0.875457070852509,0.8948971868572908,0.7464875292855697
Cebpb,0.0139860139860139,0.04009324009324,0.151981351981352,-0.2305387497433804,-0.1749397341860537,-0.128369802143495,3.16445076684326,2.8067757911813374,0.12401078235043053
Ptpn1,0.0093240093240093,0.054079254079254,0.1892773892773893,0.22954401391099,0.374232406693126,0.5190719014154657,1.05310650569035,1.3664814264917902,0.14240870240870218
Dpm1,0.0191546447804258,0.113048723731741,0.5039104645747324,0.0,27.7178889292318,28.873885160210577,0.0,0.220757761793108,0.23752258443637073
Rtf2,0.0025903828378144,0.0074408008082341,0.0191546447804258,28.69919487203092,29.296262754256198,29.570676389796304,0.0,0.6592556328811889,0.08349762270603607
Pmepa1,0.2465045573584016,0.530252539023499,1.0,-0.4532972351680878,28.4627425722199,29.1751450665458,0.0,0.402050392952868,0.6564788946922943
Gnas,0.1892773892773893,0.778865578865579,1.0,-0.1755385908037975,0.0183014545217012,0.1670795071065104,1.42325256811428,1.468465732969125,0.7860293910370559
Ctsz,0.0037296037296037,0.0205128205128205,0.054079254079254,0.1518431860430462,0.1949117035804735,0.2506639557673696,2.29338830875289,2.6240402088155896,0.10361335169519305
Atp5e,0.151981351981352,0.5358197358197359,0.9562121212121204,-0.1125860812657591,-0.0301100243489011,0.0606407988074708,1.9650096121479348,1.928769289452,0.6564788946922943
Psma7,0.0139860139860139,0.1892773892773893,0.6943278943278944,0.0119833428546095,0.207474935679949,0.4310104425682143,1.04122206827239,1.233008185578945,0.332690534200949
Rps21,0.0938616938616938,0.4634032634032634,1.0,-0.0069881010974096,0.0284064310116444,0.0722820121010106,3.181575661580865,3.243180775124637,0.5989669144119406
Gm8797,0.0191546447804258,0.2561796261420456,0.9513641829362992,-0.0181166513693211,28.556340819672798,29.053929198039533,0.0,0.3947436495624677,0.4086872064867044
Tpd52,0.151981351981352,0.6943278943278944,1.0,-0.2168530786161981,-0.0335162970063195,0.0765718570380801,1.63437706404555,1.5995216800660823,0.7464875292855697
Fabp5,0.0025903828378144,0.0231509519852463,0.1407135248526926,29.165751266727582,29.57030115605668,29.969425720184205,0.0,0.8002322183837906,0.11317606477936001
Rbis,0.0191546447804258,0.0449578329938776,0.1905179717373536,0.0,27.425132657431224,28.947824435539847,0.0,0.1802136000798675,0.12401078235043053
Ythdf3,0.0123932749910412,0.0901559774973563,0.530252539023499,26.121074609361216,28.508253026062008,29.01558489833245,0.0,0.3818029535510645,0.210470514843119
Cp,0.0007946359005854,0.0074408008082341,0.0449578329938776,27.95779049980389,29.136295610716832,29.66333440450804,0.0,0.5900637576474179,0.08349762270603607
Nceh1,0.1604305358871232,0.5109393498748492,0.9513641829362992,28.539284529433026,29.234169984678637,29.407496738016192,0.0,0.632859641042198,0.6497779884113505
Rpl22l1,0.0289044289044289,0.151981351981352,0.4634032634032634,0.0732254054244153,0.1484272543148544,0.2093116706332385,1.7013430130155052,1.8862840012557447,0.28397650914207206
Sec62,0.032123288296735,0.2226536979813717,0.8168005804132161,-0.0163558026754057,0.2166908484308048,0.8831425753339831,0.7144111078840145,0.8314658215151385,0.376168565879563
Skil,0.04009324009324,0.3968919968919969,0.9550893550893552,-0.3817331734931005,-0.2357054542126945,0.0145031449694672,1.06249475289832,0.9073781130928338,0.5383665479819326
Ndufb5,0.0125222247240691,0.0718263311415725,0.4182913596236899,0.1860587936903678,0.3971095788221757,29.67417851619787,0.671601001173737,0.8753976705251557,0.17345761560134276
Fxr1,0.0074408008082341,0.0191546447804258,0.0449578329938776,27.391785962940357,28.71117928153244,29.066576076219484,0.0,0.4394669034594884,0.10169468667027137
Anxa5,0.054079254079254,0.151981351981352,0.4634032634032634,-0.312847183701493,-0.2067848951810056,-0.0854959855196356,1.81726496276952,1.5704079103845212,0.28397650914207206
Slc7a11,0.0191546447804258,0.1326199674443742,0.6694111706224701,0.0,28.89786491212354,29.959862860318875,0.0,0.500177496324915,0.26159330533972314
Ndufc1,0.0421027181166023,0.2278780736803011,0.8616968286082338,-0.1491625415428836,0.3346074570014925,29.67442722116345,0.6286583625865318,0.7901501619468694,0.3822350900815007
Naa15,0.0191546447804258,0.0449578329938776,0.0980347968077632,0.0,26.929611965925247,28.62420985211636,0.0,0.1278265212545065,0.12401078235043053
Ufm1,0.0191546447804258,0.0980347968077632,0.6791567288705544,0.0,27.413540666014416,28.649173014541443,0.0,0.1787713934868845,0.2127678282366289
Rnf13,0.0143763260422726,0.1332470203401324,0.3013890417146279,0.0,28.4231174426254,28.859510757335105,0.0,0.3599240933230515,0.26159330533972314
Serp1,0.2318570318570318,0.6943278943278944,1.0,-0.1078208618104036,0.0367539207815167,0.1820820670678885,1.05110526073364,1.0781836602170725,0.7464875292855697
Selenot,0.0049728499972615,0.0387575743153108,0.2004685249078248,28.59111911873089,29.094868872450576,29.528458033216964,0.0,0.5733611331361528,0.12401078235043053
P2ry14,0.0025903828378144,0.0074408008082341,0.0449578329938776,27.60099070460822,28.79110760038496,29.064444188557008,0.0,0.4645013656477225,0.08349762270603607
Mbnl1,0.2318570318570318,0.778865578865579,1.0,-0.2618335689518307,-0.021377529682038,0.1995692954245357,1.25941762904361,1.2406827311443576,0.7860293910370559
Dhx36,0.0191546447804258,0.2414967793951539,0.5039104645747324,0.0,26.929611965925247,28.376932285998883,0.0,0.1278265212545065,0.3915896053410747
Ssr3,0.3164717878479781,0.7715426535572856,1.0,-0.6359447167921811,-0.1502038600551269,0.2577899487570148,0.7058602665948215,0.6290591567119685,0.7860293910370559
Tiparp,0.0003108003108003,0.0003108003108003,0.0012432012432012,-1.1896251816418573,-1.0139553085013255,-0.7955269976855567,1.82560124049067,0.9146785633929528,0.055802783075508414
Ccnl1,0.054079254079254,0.5358197358197359,1.0,-0.2565633664942523,-0.0628704161618947,0.0696664391209369,1.106821197827585,1.0555746314801069,0.6564788946922943
Mfsd1,0.0093240093240093,0.164537455843051,0.8620647160700694,-0.7364661940423143,-0.4348703782419391,-0.1283199390257631,0.844564373491543,0.6194040971892325,0.30484190927769766
Kpna4,0.0421649312533629,0.2465045573584016,0.8548127198282508,26.99633254923563,28.706400233660784,29.27657395674392,0.0,0.438013541138558,0.394580431332441
Pdcd10,0.0702942294187667,0.376759117811582,0.953011395422729,0.03625008938281,0.473905865756467,29.61673080367269,0.515808128013876,0.726331901732632,0.5322598409712979
Rapgef2,0.1168971876059197,0.5593049468922574,1.0,-0.7088825675791419,0.4750190220010509,29.475885093436982,0.449772813510279,0.6398575551540615,0.6822898518296531
Tlr2,0.0025903828378144,0.0087227998955471,0.0779787345010902,29.04842124472818,29.326309765695555,29.48501953374891,0.0,0.6731299292847858,0.09161650952695705
Rps3a1,0.0938616938616938,0.280963480963481,0.6125874125874127,-0.1270346378967109,-0.0695008839844438,-0.0248569709899662,2.8174837469377,2.686361823241545,0.43115996495949876
Etv3,0.0205128205128205,0.151981351981352,0.4634032634032634,-0.6361153300659697,-0.3914278516892501,-0.2055298299674296,1.39426304732614,1.0599633903275452,0.28397650914207206
Hdgf,0.0995927108704562,0.3152856482682895,0.6793255216523519,0.0,28.22991350855455,29.395021277651413,0.0,0.31481160947825,0.4671388497756029
Mef2d,0.0074408008082341,0.0449578329938776,0.2414967793951539,0.0,27.768168450272206,28.865048332438334,0.0,0.2285870517586572,0.12401078235043053
Glmp,0.0025903828378144,0.0074408008082341,0.0191546447804258,28.358577372019703,28.82120099021336,29.108084871038844,0.0,0.4742922280708397,0.08349762270603607
Sema4a,0.0074408008082341,0.0191546447804258,0.0449578329938776,26.52118715014576,28.22616132216305,29.10016099089038,0.0,0.3139939057682212,0.10169468667027137
Lmna,0.0006216006216006,0.0012432012432012,0.0045417242076844,-1.8888732748165311,-1.2186520340858842,-0.8891557617097866,1.82407860426986,0.7822961796608825,0.06475957094536
Lamtor2,0.1816061904559506,0.7282210233302229,1.0,-0.1161998247878102,0.1558586545579243,0.3457206979192123,0.732836978249527,0.819802957169631,0.777845603611244
Arhgef2,0.0074408008082341,0.0449578329938776,0.203551256135826,0.0,26.941726820039644,28.62515480871124,0.0,0.1289044482945405,0.12401078235043053
Krtcap2,0.0215562667600163,0.1149197468315532,0.4478922489207684,0.2485062383318029,29.386813125118664,29.617983006583614,0.0,0.7055983413627671,0.24043061439864152
Dpm3,0.0191546447804258,0.1332470203401324,0.4734938362810501,0.0,27.80305798171587,28.877665355108096,0.0,0.2341824912940952,0.26159330533972314
Adam15,0.0191546447804258,0.0980347968077632,0.5039104645747324,0.0,26.941726820039644,28.454418786920325,0.0,0.1289044482945405,0.2127678282366289
Ube2q1,0.0191546447804258,0.0449578329938776,0.203551256135826,0.0,26.57083842717998,28.47656335692426,0.0,0.0996826034641167,0.12401078235043053
Ubap2l,0.0921673180446737,0.5358197358197359,1.0,-0.3691247506774452,0.0474146582678086,0.3655992023833977,0.697373814606992,0.7150663338586392,0.6564788946922943
Tpm3,0.0003108003108003,0.0037296037296037,0.04009324009324,-0.384647123395539,-0.2699025756936731,-0.1686230740487583,1.71503080027119,1.42046693181332,0.07836135495709902
Rps27,0.0721056721056721,0.280963480963481,0.8665112665112666,0.0029703717801555,0.0563571887584103,0.1272669716912382,3.15308325611418,3.28114179556316,0.43115996495949876
Slc39a1,0.0191546447804258,0.0980347968077632,0.4140017389158428,0.0,27.07975447299589,28.53012011890217,0.0,0.1418464164807235,0.2127678282366289
S100a1,0.1026841156436345,0.4727139227350589,0.9408026565073496,0.0,26.67970145114417,28.41325186638059,0.0,0.107495530695156,0.6062402580530788
S100a13,0.1465605182649672,0.7260951618325295,1.0,-0.9902453980399032,-0.2571694755535326,29.157926901204576,0.668863852061275,0.5664390545620105,0.7764146965994834
S100a6,0.0265056439856757,0.0874803339251971,0.3701959968159946,-3.684044749234287,-1.588596147928898,-0.5973436320144251,1.12567153748249,0.3764114089895145,0.20519436995518323
S100a11,0.0125222247240691,0.0702942294187667,0.3968919968919969,-2.5291897582561984,-0.7309517195395155,-0.3056149635638948,1.40753926515572,0.88494786119999,0.17345761560134276
S100a10,0.0044341093233441,0.0127611587574058,0.0718263311415725,-3.3470787621549456,-1.705589489602649,-0.8186121836076392,1.45431687937322,0.4687459069306425,0.10169468667027137
Psmb4,0.1205905205905206,0.6125874125874127,1.0,-0.1390420272009189,0.002751263303197,0.2070481336288029,0.863983557021625,0.8654015777206827,0.7121013183402826
Psmd4,0.0071609681938079,0.0769241046186093,0.4727139227350589,27.751963661300987,28.918466277723827,29.204943845370337,0.0,0.5073711599102365,0.18356138336073083
Cdc42se1,0.1332470203401324,0.4513629851407167,1.0,0.0,27.038756003981124,28.47869640817921,0.0,0.1378721663141327,0.5989669144119406
Cers2,0.0191546447804258,0.0980347968077632,0.5039104645747324,0.0,26.45039113441255,28.381011545388567,0.0,0.0918086960377206,0.2127678282366289
Ctss,0.0006216006216006,0.0037296037296037,0.0289044289044289,0.1047851582641247,0.1670762682225722,0.2201129632145551,2.897375284726445,3.2494747642610475,0.07836135495709902
Ensa,0.0025903828378144,0.0191546447804258,0.0980347968077632,0.0,28.35127364623772,28.86501066629428,0.0,0.342439442650031,0.10169468667027137
Mcl1,0.0537296037296037,0.2318570318570318,0.8665112665112666,-0.1713495818342694,-0.0689437467661985,0.007636315062706,2.33567604613346,2.2333024593025024,0.3822350900815007
Mrps21,0.0191546447804258,0.2440006683767777,0.7441250623860661,27.754591255662337,28.562793254086955,29.200683758923034,0.0,0.3965132045222208,0.39403215048580215
BC028528,0.0074408008082341,0.1332470203401324,0.5039104645747324,0.0,27.92547815458944,28.750611619120253,0.0,0.2549215591742255,0.26159330533972314
Plekho1,0.0079887179764782,0.05582929463924,0.376759117811582,29.377535843289586,29.5606735082799,29.65561842735853,0.0,0.7919490949458949,0.14413445348039086
Fcgr1,0.0074408008082341,0.0191546447804258,0.0980347968077632,0.0,28.71590604855972,29.15638940572074,0.0,0.4409091100524714,0.10169468667027137
Rbm8a,0.0191546447804258,0.1704181223248704,0.6477042192622259,0.0,28.215373371159277,28.918466277723827,0.0,0.3116547297102745,0.31106819925288265
Tent5c,0.0007946359005854,0.0007946359005854,0.0074408008082341,29.27684207381943,29.717791789712624,29.883970089559263,0.0,0.8829715959415747,0.060361765525237115
Atp1a1,0.0139860139860139,0.054079254079254,0.151981351981352,-0.6303171609534662,-0.5251551845125435,-0.3889280638112949,1.22817204693216,0.8523379539766529,0.14240870240870218
Csde1,0.04009324009324,0.3968919968919969,1.0,-0.3442735686161785,-0.1329777789021965,0.0333105035296297,1.2289233379441549,1.1258798200381022,0.5383665479819326
Hipk1,0.0191546447804258,0.0449578329938776,0.4140017389158428,0.0,27.240919726767235,28.826663443362776,0.0,0.158611234194263,0.12401078235043053
Capza1,0.1116117682982922,0.5207033237981002,1.0,-0.8967947906669047,0.0344354614552701,29.38804966430006,0.628509508908897,0.6455352719357152,0.6564788946922943
Cttnbp2nl,0.0191546447804258,0.0449578329938776,0.203551256135826,0.0,26.290011306698624,28.395852583943302,0.0,0.0820506421618547,0.12401078235043053
Rap1a,0.054079254079254,0.4634032634032634,1.0,-0.0087331126267366,0.0952361059991777,0.1971389198923013,1.33268706797458,1.4310236355101376,0.5989669144119406
Atp5f1,0.0289044289044289,0.280963480963481,0.9550893550893552,0.0310562838726219,0.2199844730677326,0.3547330854456659,1.08135442166047,1.2599368704808376,0.43115996495949876
Cept1,0.0449578329938776,0.0449578329938776,0.203551256135826,0.0,26.15182089383776,27.62816165578945,0.0,0.074555987088821,0.12401078235043053
Cd53,0.054079254079254,0.280963480963481,0.9550893550893552,-0.3334979807188195,-0.147176247880972,0.0165243579415782,1.582831451433055,1.432923638809765,0.43115996495949876
Lamtor5,0.0074408008082341,0.0430058933601486,0.2653152307346181,0.0,28.527218170887632,29.165800756872123,0.0,0.3868551307576892,0.12401078235043053
Psma5,0.0023049801979101,0.0280438836937886,0.214863232775616,28.46949646016478,29.34657248502556,29.609372544741458,0.0,0.6828540620953298,0.12401078235043053
Stxbp3,0.1476215570283348,0.5830440246512354,1.0,-0.7230003166168135,28.773898283101868,29.24313639025077,0.0,0.5273507524939287,0.706882718653278
Prpf38b,0.0101978767762402,0.0316624349894849,0.1289960116674872,0.2814280129813185,0.6323417283026262,29.961065639416987,0.6251537667873085,0.9867444539209148,0.12401078235043053
Vcam1,0.0007946359005854,0.0007946359005854,0.0074408008082341,30.249446056889976,30.51331363705246,30.84293730192177,0.0,1.5325782984015075,0.060361765525237115
Dnttip2,0.0449578329938776,0.1479409233004462,0.5625488430004827,0.0,27.413540666014416,28.697866457713783,0.0,0.1787713934868845,0.28397650914207206
1810037I17Rik,0.0289044289044289,0.3356643356643357,0.9550893550893552,-0.0817873877290455,0.1748626741339822,0.4808753072902845,0.809984966167453,0.9135516905478116,0.4786549190881321
Snhg8,0.2002397372160336,0.6694111706224701,1.0,28.811481222026703,29.02816429888934,29.16276474597962,0.0,0.5474546793465005,0.7464875292855697
Camk2d,0.0025903828378144,0.0074408008082341,0.0779787345010902,28.15198916452032,29.062674949251523,29.444863140848227,0.0,0.5607087623421815,0.08349762270603607
Ostc,0.0409970611329001,0.3164717878479781,0.9070384808036948,-0.1757948873667163,29.0036820473021,29.459126019567996,0.0,0.6140327891943556,0.4671388497756029
Rpl34,0.151981351981352,0.6943278943278944,1.0,-0.0458216219162489,0.0089501479466994,0.0755387604486935,3.03306063263487,3.054939962011119,0.7464875292855697
Aimp1,0.0191546447804258,0.1905179717373536,0.5039104645747324,0.0,27.71681590564412,29.0286183626386,0.0,0.2205936313212617,0.332690534200949
Tet2,0.0441363158740108,0.4278251278478543,1.0,-0.4628941855096522,28.422588172570357,28.918466277723827,0.0,0.3611926107405078,0.5747990663261988
Cisd2,0.0430058933601486,0.396088002667696,1.0,0.3397917647247418,28.269538931278102,29.06764992073277,0.0,0.3294775462630465,0.5383665479819326
Ube2d3,0.054079254079254,0.280963480963481,0.9550893550893552,-0.1745999154182788,-0.0990961583886824,-0.0083675955515527,1.66651521998421,1.5438965841860348,0.43115996495949876
Nfkb1,0.0205128205128205,0.0938616938616938,0.4634032634032634,-0.70259916681928,-0.4247018825937843,-0.3074088598957824,1.64256384034015,1.2306925335721202,0.2127678282366289
Ppp3ca,0.2429082609043239,0.640428787412791,1.0,-0.503983038997349,0.358354047953105,29.25240293323144,0.449772813510279,0.5560429109979211,0.7379503238858005
H2afz,0.0721056721056721,0.3968919968919969,0.9562121212121204,-0.2270897013866491,-0.1171927069426664,0.0032330319191714,2.4159643990805,2.21254169232566,0.5383665479819326
Dnajb14,0.0240225178357029,0.0687438363880664,0.1905179717373536,28.27639932979097,28.958359550516597,29.417183154908848,0.0,0.5215967168449472,0.17077871303953604
Eif4e,0.0205128205128205,0.0938616938616938,0.3356643356643357,-0.6803508247422441,-0.4600247199948553,-0.220785661048718,1.31541077985883,0.9692172684561936,0.2127678282366289
Rap1gds1,0.0191546447804258,0.0583453023368575,0.5039104645747324,0.0,26.379595118679337,28.591973875719887,0.0,0.0873070670954787,0.1479229423816349
Gbp7,0.0025903828378144,0.0074408008082341,0.0452925197274518,26.57083842717998,28.79406381150604,29.65255371891782,0.0,0.4654541463091363,0.08349762270603607
Gbp2b,0.0025903828378144,0.0025903828378144,0.0074408008082341,29.20200424666058,29.47824408256608,29.81169885587325,0.0,0.7478864894503146,0.06475957094536
Gtf2b,0.0074408008082341,0.0191546447804258,0.2414967793951539,26.941726820039644,28.43439517044615,28.899522304319436,0.0,0.3627486907784027,0.10169468667027137
Lmo4,0.0215562667600163,0.1116117682982922,0.4372185996250276,28.962241168353373,29.437265456423155,29.683506674291436,0.0,0.7269422204471216,0.23525426082084
Selenof,0.0938616938616938,0.6125874125874127,1.0,-0.094145884539245,0.0322545809855091,0.1937593108846927,1.05854549336426,1.0861718690826252,0.7121013183402826
Sh3glb1,0.2318570318570318,0.6943278943278944,1.0,-0.0918998392324427,-0.0032673508590588,0.0661779312739536,1.6576363166881598,1.6587083873825876,0.7464875292855697
Bcl10,0.0205241725210924,0.164537455843051,0.8168005804132161,-1.0610838014174122,-0.4734927762754169,-0.0351428960694048,0.769964323979181,0.5664390545620105,0.30484190927769766
Gng5,0.0058508158508158,0.0721056721056721,0.5358197358197359,-0.1746999147561667,-0.081531147227446,-0.020316588447602,2.05863533509489,1.9432512845325447,0.17345761560134276
Fubp1,0.0292392382560989,0.2226536979813717,0.8153345943552276,-0.1479882368256101,29.1304120038686,29.440573718341803,0.0,0.6471754051232026,0.376168565879563
Srsf11,0.1892773892773893,0.7498818384437542,1.0,-0.2393589187056166,0.0123438796444299,0.3188027254773499,0.7584111158555875,0.7743009437356305,0.7860293910370559
Lyn,0.2318570318570318,0.6943278943278944,1.0,-0.2307719651746717,-0.0542202209612858,0.1228381918903635,1.51880753339842,1.4498976566606876,0.7464875292855697
Rps20,0.0059052059052059,0.1205905205905206,0.6943278943278944,0.0234270155307668,0.0634915251748472,0.1229043809002163,3.39115670915826,3.5401578001571323,0.2447752088039858
Sdcbp,0.0289044289044289,0.1892773892773893,0.5377389277389261,-0.1963979082781225,-0.1088874766639983,-0.0290001554190975,1.91460339042338,1.7803166584524526,0.332690534200949
Rab2a,0.0938616938616938,0.5358197358197359,1.0,-0.5626107621436542,-0.1652269144867393,0.1530714143790634,0.9149568171752832,0.801350185099722,0.6564788946922943
Chd7,0.0074408008082341,0.0074408008082341,0.0449578329938776,27.95779049980389,28.869351892238814,29.20290668153669,0.0,0.4903891740847914,0.08349762270603607
Asph,0.0074408008082341,0.0516999549363111,0.3343475784622092,0.0,28.203671867084417,29.087519264767263,0.0,0.3091371640195784,0.1400329770935314
Pnisr,0.0191546447804258,0.0940953871525598,0.4140017389158428,0.0,26.79084575319095,28.598668753264658,0.0,0.1161042659824252,0.2127678282366289
Pnrc1,0.0938616938616938,0.3968919968919969,0.9550893550893552,-0.0108296037943542,0.1617812569461529,0.2918408680065029,1.1209687268748,1.2710357811015975,0.5383665479819326
Dnaja1,0.0139860139860139,0.1205905205905206,0.3968919968919969,-1.398624326016264,-0.7702264641002363,-0.3387498781157117,1.05310650569035,0.6153041395701118,0.2447752088039858
Bag1,0.00340809957091,0.0292392382560989,0.2561796261420456,28.733651736149582,29.240064482571867,29.55786102405333,0.0,0.6378355201108774,0.12401078235043053
Chmp5,0.0191546447804258,0.0449578329938776,0.203551256135826,0.0,27.038756003981124,28.48654173779274,0.0,0.1378721663141327,0.12401078235043053
Ube2r2,0.0025903828378144,0.0191546447804258,0.1905179717373536,26.379595118679337,28.531510443884297,29.15588204252027,0.0,0.3880078070770688,0.10169468667027137
Dctn3,0.0191546447804258,0.2997853409038892,0.8548127198282508,27.453782932250025,28.554530684164163,28.988056303991517,0.0,0.394572477649634,0.4533460452295431
Vcp,0.0721056721056721,0.4634032634032634,1.0,-0.2827040123937872,-0.1305785531603429,0.0468588285694273,0.9088886963849464,0.8232891712706707,0.5989669144119406
Cd72,0.0123932749910412,0.0779787345010902,0.3343475784622092,0.0,28.84893755371066,29.91311664353046,0.0,0.4834990046464987,0.18356138336073083
Tln1,0.3356643356643357,0.778865578865579,1.0,-0.1635500752555566,0.0350389971325491,0.217899187286846,1.41394900460789,1.437855190207705,0.7860293910370559
Clta,0.151981351981352,0.6943278943278944,1.0,-0.0654678266744116,0.0357560682423196,0.127645136040519,1.60835635031206,1.64551308798434,0.7464875292855697
Zcchc7,0.0074408008082341,0.0449578329938776,0.0980347968077632,0.0,27.391785962940357,28.67204640087564,0.0,0.1760958848672835,0.12401078235043053
Tomm5,0.0449578329938776,0.0449578329938776,0.1479409233004462,0.0,27.835552479201542,28.333975817744275,0.0,0.2395169431398262,0.12401078235043053
Anp32b,0.0872892935682135,0.4835220598680489,1.0,-0.3794167260201444,0.1260282468528269,29.649390008670355,0.758893653036784,0.8346002170152853,0.6196989411027882
Tgfbr1,0.0087227998955471,0.0231509519852463,0.2432400450352666,29.161232286569607,29.63134463499652,29.8340151643712,0.0,0.8324453766306702,0.11317606477936001
Sec61b,0.3356643356643357,0.6943278943278944,1.0,-0.2418681331889876,-0.0721548927503667,0.0562457219464755,1.36471370405063,1.2918987709866687,0.7464875292855697
Nr4a3,0.0123932749910412,0.1272980462544935,0.4727139227350589,28.09217742363137,29.27022608804273,29.572792563224677,0.0,0.647464604859709,0.2557615883546538
Abca1,0.0933177933177933,0.3356643356643357,0.9550893550893552,-0.6122283266376934,-0.3356361789189243,-0.1214260998503685,1.54951779017405,1.2161469441570776,0.4786549190881321
Rad23b,0.0191546447804258,0.1026841156436345,0.396088002667696,0.0,27.038756003981124,28.750050260886248,0.0,0.1378721663141327,0.21740125505722482
Klf4,0.0586501936991571,0.2159249389401403,0.7725308404517002,-29.840889334729752,-1.7008930631555912,-0.691370411930227,0.911962689896861,0.2971910554179275,0.36668250593875934
Txn1,0.0059052059052059,0.0721056721056721,0.280963480963481,0.166483905090544,0.2814308483827521,0.3851538428905878,1.40673748343183,1.716897289190075,0.17345761560134276
Gng10,0.2022801277953085,0.6125874125874127,1.0,-0.5859781535133155,-0.2894569730325786,0.019054482847896,0.940888080421105,0.7745516256254148,0.7121013183402826
Ugcg,0.1488719934075194,0.5022642955663339,1.0,-29.40483385940501,-2.3633086340438743,27.901109773567804,0.6374570439672085,0.074555987088821,0.6420530639116566
Ptbp3,0.0059052059052059,0.0205128205128205,0.151981351981352,-0.5318911834900342,-0.3332741024842288,-0.1973681089318213,1.41344673862124,1.1192716080817493,0.10361335169519305
Slc31a2,0.0191546447804258,0.0449578329938776,0.2414967793951539,0.0,27.63479553415444,28.827902983769864,0.0,0.2084022376461227,0.12401078235043053
Slc31a1,0.0074408008082341,0.0449578329938776,0.0980347968077632,0.0,27.20505609531816,28.69659600782788,0.0,0.1547169571999942,0.12401078235043053
Atp6v1g1,0.2318570318570318,0.6943278943278944,1.0,-0.0236808707903054,0.0236194880992755,0.0779526676273697,1.59613183935357,1.61980215875676,0.7464875292855697
Plin2,0.1692825080005217,0.5109393498748492,0.9513641829362992,28.12430090485305,29.421360904965,29.63384525112062,0.0,0.7215162829208435,0.6497779884113505
Rps6,0.1205905205905206,0.6125874125874127,1.0,-0.1380653676901841,-0.0297419371397954,0.070886996094712,2.48067309418697,2.4320113621198827,0.7121013183402826
Jun,0.0191546447804258,0.0449578329938776,0.3013890417146279,0.0,27.95779049980389,29.048298580129163,0.0,0.260695509972604,0.12401078235043053
Jak1,0.1321178224188759,0.3541094107998596,0.778865578865579,-0.4323948059041206,-0.278626828552062,-0.0816395389855328,1.0739709861072249,0.8831266783064825,0.5045931358800307
Leprot,0.0191546447804258,0.0449578329938776,0.3343475784622092,0.0,26.941726820039644,28.7179793727696,0.0,0.1289044482945405,0.12401078235043053
Pde4b,0.0037296037296037,0.0289044289044289,0.2318570318570318,-0.5758316513149365,-0.3727533218098768,-0.1221030358782428,1.4448222514514977,1.1049248413983612,0.12401078235043053
Mier1,0.0025903828378144,0.0074408008082341,0.0516999549363111,27.91346491736373,28.84532101145698,29.1654006365303,0.0,0.4822887872553892,0.08349762270603607
Tmem59,0.0011870428391802,0.0031399928189788,0.0239017976171966,0.3578683072025043,0.6982287981085766,29.87122956879831,0.580035435794792,0.9308013048959884,0.075627875822965
Magoh,0.0191546447804258,0.0449578329938776,0.4140017389158428,0.0,26.929611965925247,28.570758003193944,0.0,0.1278265212545065,0.12401078235043053
Scp2,0.04009324009324,0.1892773892773893,0.778865578865579,-0.0205312458124584,0.1904171119386087,0.3709317729379459,0.9338925977350104,1.0701671590402342,0.332690534200949
Nrd1,0.0025903828378144,0.0074408008082341,0.0942643068412102,28.866766028156636,29.102201535618285,29.357803376103767,0.0,0.576282725296987,0.08349762270603607
Cmpk1,0.0721056721056721,0.5358197358197359,1.0,-0.5234961856972219,-0.1599963718142802,0.1746717410793322,0.8575020158158715,0.7706193390198981,0.6564788946922943
Uqcrh,0.0003108003108003,0.0205128205128205,0.280963480963481,0.0667952783904111,0.1452312399254219,0.2301694759060281,1.66703780894706,1.840811795300764,0.10361335169519305
Akr1a1,0.0205128205128205,0.0938616938616938,0.4186191642166549,0.1853516775947289,0.2945607297345042,0.3859201269577382,1.192254269988395,1.4631096850042873,0.2127678282366289
Prdx1,0.1205905205905206,0.6125874125874127,1.0,-0.0957946569613686,0.0231628524183557,0.1011888010482797,1.623703342224,1.6427173719940724,0.7121013183402826
Rps8,0.3356643356643357,0.778865578865579,1.0,-0.0191049434113418,0.0206507023862567,0.0613497549000037,3.36262478074225,3.415776542912708,0.7860293910370559
Atp6v0b,0.151981351981352,0.5358197358197359,1.0,-0.0306878858540162,0.0761601558316921,0.1704386009207415,1.5767300822925652,1.6622644874856825,0.6564788946922943
Svbp,0.0015296493384618,0.0049728499972615,0.0874803339251971,29.42296073822969,29.616698815493965,29.89618853838613,0.0,0.8232177304279725,0.08349762270603607
Ybx1,0.04009324009324,0.3356643356643357,0.8665112665112666,-0.117825135521918,-0.0425078685173684,0.0266695823224365,2.210255439581585,2.1449560890514148,0.4786549190881321
Smap2,0.0074408008082341,0.0779787345010902,0.3013890417146279,26.929611965925247,28.578260246254708,29.154109194957595,0.0,0.4007887719937991,0.18356138336073083
Ppt1,0.0172688724201217,0.0930450589520381,0.451509187944989,0.1170842217644931,0.4025714576039232,29.670145626261228,0.657730165735909,0.854262603391266,0.2127678282366289
Cap1,0.0421027181166023,0.1828417017123981,0.4639062333148826,0.044430543134274,0.2262800699583971,0.4472215740353376,0.779074381043181,0.907028222986057,0.3315999640789589
Macf1,0.0540064437120849,0.3164717878479781,0.953011395422729,-0.3051849704985744,0.391102448229069,29.542120135349304,0.449772813510279,0.6647557705014215,0.4671388497756029
Ndufs5,0.0025903828378144,0.0143763260422726,0.0583453023368575,28.47604405187956,29.2091472497932,29.53702173410248,0.0,0.620625290688064,0.10169468667027137
Akirin1,0.0025903828378144,0.0191546447804258,0.1905179717373536,0.0,28.645369826901792,29.026721771938615,0.0,0.41987068510766,0.10169468667027137
Rragc,0.2820588757615588,0.6155996805739075,1.0,0.0,28.4843958099726,29.128570914211668,0.0,0.3784912202315005,0.7135031508999221
Zc3h12a,0.0086031545339284,0.0559774506991504,0.280963480963481,-1.8152431068369477,-1.0286530596850316,-0.4151965255712264,0.9373481374584364,0.472691550712399,0.14414011099194532
Stk40,0.3096559030458566,0.8110701293339075,1.0,-1.6420071985475448,-0.3058370572835168,29.081389149100676,0.59880612054294,0.478743192067763,0.8172772986910548
Thrap3,0.0025903828378144,0.0074408008082341,0.0980347968077632,27.413540666014416,28.692887966630018,29.31286699180497,0.0,0.4339304132163479,0.08349762270603607
Map7d1,0.0049728499972615,0.0215562667600163,0.1443765231983298,1.5277863221888162,29.434873046474507,29.69124739328073,0.0,0.7319296328776526,0.10832983931560354
Psmb2,0.0044341093233441,0.0553192420704978,0.271160359877409,0.2633797667398071,0.6739338944094191,29.8056098730207,0.550634956535859,0.8360668230307795,0.14413445348039086
Sfpq,0.0021756021756021,0.0139860139860139,0.0938616938616938,-0.759998270240098,-0.513938457360606,-0.3185012819739836,1.11218052019903,0.7768004192593567,0.10169468667027137
Ak2,0.0007946359005854,0.0049728499972615,0.0383449826006377,28.602020824826173,29.11471191124184,29.43045278822671,0.0,0.5813017088504022,0.08349762270603607
Rnf19b,0.0037296037296037,0.032123288296735,0.2714054379045606,0.1797941126550491,0.3920290334049237,0.8606748261228345,0.7265791093913665,0.9453854405232504,0.12401078235043053
Rbbp4,0.0449578329938776,0.3013890417146279,0.8040040579628547,0.0,26.15182089383776,28.133588518139124,0.0,0.074555987088821,0.4533460452295431
Marcksl1,0.4634032634032634,0.8665112665112666,1.0,-0.3192371085524924,0.0059137199932322,0.5264718152861225,1.2397414274158751,1.2580005173124664,0.8665112665112666
Eif3i,0.0201511003130604,0.2002397372160336,0.9048611294504482,-0.4150027646909494,28.84252093597824,29.453499222731526,0.0,0.5120557488839528,0.3469065622821635
Tmem234,0.01203141909202,0.0702942294187667,0.2672744816446535,0.7013242379788371,29.43149399602809,29.587094463383124,0.0,0.730873852070351,0.17345761560134276
Khdrbs1,0.0441363158740108,0.2465045573584016,0.8596837951986661,-0.0832418625090527,29.1414630060912,29.478760704803346,0.0,0.6159611175379944,0.394580431332441
Ptp4a2,0.280963480963481,0.778865578865579,1.0,-0.105423018693229,0.0170787201864372,0.1347517639031564,1.5365023385462249,1.5511791256952798,0.7860293910370559
Sdc3,0.0025903828378144,0.0280438836937886,0.1606596780277105,27.712422001360626,28.88046620707228,29.519016652730272,0.0,0.4941816512612837,0.12401078235043053
Laptm5,0.2318570318570318,0.778865578865579,1.0,-0.0373326005553497,0.0215514232171465,0.0662641257187651,2.4237919713211102,2.47206642646135,0.7860293910370559
Atpif1,0.0289044289044289,0.3356643356643357,0.9550893550893552,-0.3154516072825617,-0.1721215851849633,-0.0023863257245648,1.3666172877689249,1.2144802462318474,0.4786549190881321
Dnajc8,0.0025903828378144,0.0059772680924634,0.0421649312533629,29.20792019135909,29.443441978042333,29.63158125266157,0.0,0.7300611032533872,0.08349762270603607
Ptafr,0.1892773892773893,0.6943278943278944,1.0,-0.1091805404230456,0.084262396926003,0.3058548133340767,1.11943786777462,1.16868818799198,0.7464875292855697
Fam76a,0.0191546447804258,0.2585954908026854,0.8904027809514472,0.0,28.051613785909204,29.11937164664701,0.0,0.2782128433470042,0.41088181362454035
Fgr,0.0191546447804258,0.0449578329938776,0.3013890417146279,0.0,27.53743768311747,28.490928219746717,0.0,0.1948025977906347,0.12401078235043053
Wasf2,0.0015383197232882,0.0120506007705678,0.1020809611324846,0.4062011443503399,29.557859248929567,29.755105402207302,0.0,0.7946891946250975,0.10169468667027137
Arid1a,0.0191546447804258,0.0449578329938776,0.203551256135826,0.0,26.57083842717998,28.135539330281997,0.0,0.0996826034641167,0.12401078235043053
Cd52,0.0003108003108003,0.0021756021756021,0.04009324009324,0.0964426720805086,0.1791565875549839,0.2567756757222282,2.49731375410912,2.8243370341849925,0.06475957094536
Sh3bgrl3,0.0037296037296037,0.0289044289044289,0.151981351981352,-0.4541556215525742,-0.2552118893694396,-0.0970304184067011,1.886724292572905,1.60117799583891,0.12401078235043053
Tmem50a,0.1178837571664433,0.5358197358197359,1.0,-0.1882685853885813,0.0198068251264394,0.2434918608024218,0.91038678882093,0.9201187218752516,0.6564788946922943
Rsrp1,0.1892773892773893,0.6851773174958848,1.0,-0.2243044469139887,0.0936843101944509,0.278062181277304,0.7930181727038259,0.8481248723983328,0.7464875292855697
Syf2,0.0025903828378144,0.0441363158740108,0.3152856482682895,28.44317810461193,29.05785851178831,29.352249766162057,0.0,0.5588394042879947,0.12401078235043053
Runx3,0.0093240093240093,0.054079254079254,0.2318570318570318,-0.605428324934509,-0.320615070243751,-0.1418465194611024,1.8604509773251128,1.4802809786487174,0.14240870240870218
Clic4,0.054079254079254,0.280963480963481,0.8665112665112666,-0.375671794269067,-0.1728742167671699,0.0209024697333556,1.409087587090665,1.246520073216335,0.43115996495949876
Srrm1,0.0006216006216006,0.0093240093240093,0.0721056721056721,0.4251202055987679,0.6325162541506295,0.8199204380064726,0.73238441005315,1.135432268747969,0.09161650952695705
Fuca1,0.0060656947207601,0.0904107062465967,0.451509187944989,0.0176515005507111,0.2962877815584322,29.92023502153765,0.821133309338827,0.9796647727387215,0.21081599154312688
Rpl11,0.0938616938616938,0.4634032634032634,1.0,-0.0209811124138893,0.0358226601156373,0.080183995679125,2.84850323285016,2.9269377828477223,0.5989669144119406
C1qb,0.0205128205128205,0.151981351981352,0.6125874125874127,-0.0069335543910509,0.0804093471137579,0.146364670409018,3.57535118273044,3.782493432719025,0.28397650914207206
C1qc,0.0037296037296037,0.0721056721056721,0.3968919968919969,0.0597067102243753,0.139282821934908,0.2063970462361418,3.1084962715208326,3.4237375187012278,0.17345761560134276
C1qa,0.0003108003108003,0.0205128205128205,0.280963480963481,0.0856056569361583,0.1670381442300996,0.2052403849813753,3.4493543600188,3.890761478749375,0.10361335169519305
Cdc42,0.0093240093240093,0.0721056721056721,0.3356643356643357,-0.1441845605709562,-0.0829988270618961,-0.0296616861507697,2.10587211019893,1.98680495730034,0.17345761560134276
Eif4g3,0.0025903828378144,0.0240225178357029,0.1704181223248704,27.98285324048177,28.98266530537063,29.33278426513615,0.0,0.5304587412384775,0.11323263180313418
Hp1bp3,0.0033876566525826,0.0449578329938776,0.2414967793951539,26.99633254923563,28.650104925999248,28.96820056160787,0.0,0.4212510152972373,0.12401078235043053
Ddost,0.0074408008082341,0.113048723731741,0.7441250623860661,26.99633254923563,28.47857335374613,29.041827704823685,0.0,0.3740286002999002,0.23752258443637073
Micos10,0.1892773892773893,0.6943278943278944,1.0,-0.1551729177669905,0.0209721400139364,0.1886538324181065,0.9982585185675076,1.0146445148333516,0.7464875292855697
Capzb,0.3356643356643357,0.778865578865579,1.0,-0.1290646172141148,-0.0117866584938959,0.0947070967882651,1.40314046727367,1.3798977148688825,0.7860293910370559
Rcc2,0.0074408008082341,0.0449578329938776,0.5039104645747324,0.0,26.79084575319095,28.41361695928328,0.0,0.1161042659824252,0.12401078235043053
Sdhb,0.0101774423782037,0.0441363158740108,0.1606596780277105,29.05377247236608,29.483487250524743,29.70690148294256,0.0,0.7506094687127467,0.12401078235043053
Atp13a2,0.0025903828378144,0.0191546447804258,0.0449578329938776,26.79084575319095,28.5489124489501,29.17265363828632,0.0,0.3927163562751494,0.10169468667027137
Necap2,0.0025903828378144,0.0074408008082341,0.0583453023368575,26.929611965925247,28.616681901764057,29.21362433625872,0.0,0.4116040389826545,0.08349762270603607
Szrd1,0.0074408008082341,0.0583453023368575,0.5039104645747324,0.0,27.34829275143696,28.80699071070362,0.0,0.1708663120687835,0.1479229423816349
Efhd2,0.1892773892773893,0.6943278943278944,1.0,-0.0365593080698869,0.0303778907129143,0.0913166065452573,1.9909064489411896,2.0359366335472724,0.7464875292855697
Dhrs3,0.0007946359005854,0.0074408008082341,0.0280438836937886,28.54488977964211,29.075272681428466,29.33491654322022,0.0,0.5656257969420464,0.08349762270603607
Tnfrsf1b,0.0721056721056721,0.6125874125874127,1.0,-0.810195345835173,-0.1236653177378351,0.2971980190323893,0.823493372857206,0.7792299900348074,0.7121013183402826
Pgd,0.0191546447804258,0.0449578329938776,0.203551256135826,0.0,27.464249371830075,28.65370769297181,0.0,0.1851666915721177,0.12401078235043053
Kif1b,0.0191546447804258,0.0980347968077632,0.4247088839307361,0.0,26.379595118679337,28.176104032745496,0.0,0.0873070670954787,0.2127678282366289
Eno1,0.0430058933601486,0.3274876822714159,0.9513641829362992,0.0,28.349881516426983,29.23490655493185,0.0,0.34210916479326,0.4786549190881321
Park7,0.0830811869664738,0.4372185996250276,1.0,-0.5081225156371788,0.8306191514458869,29.3412384613156,0.3111437355615505,0.5903339778088392,0.586223173292213
Rpl22,0.054079254079254,0.4634032634032634,1.0,-0.0134753782659888,0.0505658509799856,0.1067101764948044,2.41942061358242,2.5056594997271704,0.5989669144119406
Rer1,0.0112556863473932,0.2002397372160336,0.9513641829362992,26.929611965925247,28.913759138341497,29.16834209063531,0.0,0.5057184371988614,0.3469065622821635
Ski,0.0191546447804258,0.0449578329938776,0.203551256135826,0.0,26.929611965925247,28.808624833393537,0.0,0.1278265212545065,0.12401078235043053
Gnb1,0.0721056721056721,0.6125874125874127,1.0,-0.0791211838963657,0.0623625365574355,0.1940245144969431,1.1071756893681426,1.15574782768218,0.7121013183402826
Nadk,0.0025903828378144,0.0202223810889232,0.1704181223248704,28.219965718682225,28.97498188953672,29.296306256684456,0.0,0.5276411664379594,0.10361335169519305
Ssu72,0.0025903828378144,0.0191546447804258,0.1673511592272537,27.95779049980389,29.02010475479791,29.22509845444756,0.0,0.5444048777173627,0.10169468667027137
Mrpl20,0.0449578329938776,0.3152856482682895,0.8904027809514472,0.0,27.50294498507496,28.7527216520473,0.0,0.1902003918441322,0.4671388497756029
Ccnl2,0.0583453023368575,0.1704181223248704,0.5039104645747324,0.0,28.02807979982076,28.856098925894376,0.0,0.2737113073527395,0.31106819925288265
Aurkaip1,0.0074408008082341,0.0191546447804258,0.2414967793951539,0.0,28.424936158839884,28.929764664806083,0.0,0.3603781134367207,0.10169468667027137
Sdf4,0.0007946359005854,0.0025903828378144,0.0519299114034428,28.904571887465888,29.24640495358694,29.491690346461045,0.0,0.6368621035614697,0.06475957094536
Isg15,0.0025903828378144,0.0074408008082341,0.0449578329938776,28.54970732429728,29.39476263554207,29.81966926897445,0.0,0.705838377812096,0.08349762270603607
Sri,0.0063457053762778,0.042658103683907,0.2226848334194266,0.2083095603363013,0.4736917056496242,29.71592652212192,0.657730165735909,0.8973437242681515,0.12401078235043053
Fgl2,0.0012432012432012,0.0125222247240691,0.0725931484850583,0.4266126226391469,0.6909821026661602,1.1488813115654912,0.8302955459335425,1.3377641194042824,0.10169468667027137
Kmt2e,0.019769406440668,0.2997853409038892,1.0,27.68503184580661,28.88003267117849,29.026721771938615,0.0,0.4940331699186395,0.4533460452295431
Tomm7,0.0721056721056721,0.5358197358197359,1.0,-0.0675225735038457,0.0522182674528857,0.1953976063632689,1.15492810974784,1.1939907333930688,0.6564788946922943
Rheb,0.0059052059052059,0.1205905205905206,0.7715575752682002,-0.5802634575770487,-0.3131456795830704,-0.0744204138933784,0.796718316749542,0.6378593907587647,0.2447752088039858
Dnajb6,0.1205905205905206,0.5358197358197359,1.0,-0.0853746481699693,0.068587409528965,0.2403171959920108,1.0955851707631874,1.1395210394382649,0.6564788946922943
Hadha,0.0449578329938776,0.0449578329938776,0.203551256135826,0.0,26.79084575319095,27.93568210395022,0.0,0.1161042659824252,0.12401078235043053
Hadhb,0.0191546447804258,0.0449578329938776,0.203551256135826,0.0,26.929611965925247,28.48684378109525,0.0,0.1278265212545065,0.12401078235043053
Slc35f6,0.0025903828378144,0.0449578329938776,0.1905179717373536,27.919981188335488,28.911741319587197,29.239163265195405,0.0,0.5050116108564024,0.12401078235043053
Ost4,0.1892773892773893,0.6943278943278944,1.0,-0.1619510518052158,-0.0596011463881545,0.0821879677178905,1.11075818697022,1.0581003521424774,0.7464875292855697
Mrpl33,0.151981351981352,0.6125874125874127,1.0,-0.4628327325033277,-0.13904968840769,0.1341678089123213,0.9448687733466494,0.8538957987248765,0.7121013183402826
Fosl2,0.0006216006216006,0.0093240093240093,0.0721056721056721,-0.8898838859337067,-0.6377897263842698,-0.3287223059449898,1.208079800869585,0.7785698026913823,0.09161650952695705
Ywhah,0.0021440236871193,0.0172688724201217,0.1178837571664433,-1.3229255880556328,-0.5931838894337218,-0.290542623500745,1.04617537707236,0.6988491071396682,0.10169468667027137
Rnf4,0.0191546447804258,0.0449578329938776,0.3013890417146279,0.0,26.929611965925247,28.6629486437333,0.0,0.1278265212545065,0.12401078235043053
Sh3bp2,0.0449578329938776,0.0449578329938776,0.0980347968077632,0.0,27.038756003981124,27.712065465180217,0.0,0.1378721663141327,0.12401078235043053
Lrpap1,0.0025903828378144,0.0516999549363111,0.3354784112862811,26.256371666777152,28.59804926716856,29.31323560218027,0.0,0.4063222884551047,0.1400329770935314
Mrfap1,0.055929995783653,0.5624846616632901,1.0,-0.2645730133036393,-0.0761145822879357,0.1131860109305251,0.8989341157366265,0.8466779116836513,0.6836352041753834
Tmem128,0.0074408008082341,0.0449578329938776,0.203551256135826,0.0,26.929611965925247,28.72859789649372,0.0,0.1278265212545065,0.12401078235043053
Wdr1,0.0120737972431228,0.1272980462544935,0.6827510662271137,-0.1518404094781904,28.798676662797952,29.57884457997928,0.0,0.6993743754527075,0.2557615883546538
Bod1l,0.0074408008082341,0.0449578329938776,0.203551256135826,0.0,26.99633254923563,28.57904739304196,0.0,0.13387696767703,0.12401078235043053
Cd38,0.0007946359005854,0.0025903828378144,0.0074408008082341,29.30908729407273,29.673378906211948,29.818565539810653,0.0,0.856203744757028,0.06475957094536
Lap3,0.0025903828378144,0.0191546447804258,0.0980347968077632,0.0,28.482754286723896,29.30286521939809,0.0,0.3751157186342406,0.10169468667027137
Dhx15,0.1066231979755862,0.5958830905651777,1.0,-1.5766547977921834,-0.4837765095273352,28.96424369283197,0.657730165735909,0.4630440889831985,0.7121013183402826
Rbpj,0.0006216006216006,0.0289044289044289,0.1205905205905206,-0.8299499172858602,-0.4894883428364582,-0.2615592603583141,1.00852471802139,0.7183642340706693,0.12401078235043053
Rpl9,0.3968919968919969,0.778865578865579,1.0,-0.04877925538669,0.0165151024496287,0.0705587864961676,2.86580278615516,2.904232816730228,0.7860293910370559
Smim14,0.0074408008082341,0.1026841156436345,0.8447374648645183,0.0,28.13585736035996,29.02220220817664,0.0,0.2949425289896428,0.21740125505722482
Ube2k,0.0049522206264996,0.1026841156436345,0.6694111706224701,26.52118715014576,28.68480387621849,29.15505610242589,0.0,0.4315055495186157,0.21740125505722482
Tmem33,0.0074408008082341,0.0449578329938776,0.5039104645747324,0.0,26.79084575319095,28.439528909923588,0.0,0.1161042659824252,0.12401078235043053
Chic2,0.0191100574122754,0.1332470203401324,0.6791567288705544,0.0,27.45333508340596,28.764582460856698,0.0,0.1837711524100517,0.26159330533972314
Srp72,0.0007946359005854,0.0074408008082341,0.0980347968077632,27.50294498507496,28.881501537725956,29.255624675241965,0.0,0.4945364213469709,0.08349762270603607
Stap1,0.0995927108704562,0.530252539023499,1.0,-29.46101024108958,-2.780287774333308,27.347369602905328,0.449772813510279,0.0,0.6564788946922943
Ythdc1,0.1989589310924021,0.5992448359443866,1.0,-0.7429499401489715,0.037734195788374,29.591446660855457,0.715952419473755,0.7079749543616998,0.7121013183402826
Jchain,0.0721056721056721,0.5358197358197359,1.0,-0.461602067327665,-0.1235858147048361,0.1793162825121052,0.7346717128670482,0.6728516934170735,0.6564788946922943
Utp3,0.0074408008082341,0.0449578329938776,0.2036972558546224,0.0,28.06063504990619,28.987814567215,0.0,0.279957976514238,0.12401078235043053
Ankrd17,0.0191546447804258,0.0449578329938776,0.2044998942173083,0.0,26.57083842717998,28.35621102306132,0.0,0.0996826034641167,0.12401078235043053
Pf4,0.2094823757163304,0.5830440246512354,0.8548127198282508,-30.307454525919223,-2.2733707052434093,-0.9553891532021668,1.06735271442694,0.1802136000798675,0.706882718653278
Cxcl2,0.0139860139860139,0.0289044289044289,0.151981351981352,-1.1963150050550806,-0.8929502644953398,-0.4138513693543752,2.90493657525674,1.5395286654941636,0.12401078235043053
G3bp2,0.0074408008082341,0.0191546447804258,0.0449578329938776,26.52118715014576,28.635343546402623,29.26281081184346,0.0,0.416962830857522,0.10169468667027137
Naaa,0.0449578329938776,0.1479409233004462,0.6477042192622259,0.0,26.929611965925247,28.221556136752607,0.0,0.1278265212545065,0.28397650914207206
Cxcl9,0.0025903828378144,0.0025903828378144,0.0025903828378144,29.803605058623223,30.20990796413191,30.61350831495449,0.0,1.241905250255115,0.06475957094536
Scarb2,0.0074408008082341,0.0449578329938776,0.3276591796761856,27.425132657431224,28.47310910609836,29.25133121488305,0.0,0.3726182183663837,0.12401078235043053
Ccni,0.0074408008082341,0.1026841156436345,0.4149357700714638,0.0,28.570758003193944,29.102975270398783,0.0,0.3987081899860247,0.21740125505722482
Antxr2,0.0014034822813198,0.002085411945659,0.0120737972431228,-30.018441156065844,-3.177517019514143,-1.42057876771554,1.033737439560105,0.1161042659824252,0.06475957094536
Rasgef1b,0.0074408008082341,0.0449578329938776,0.203551256135826,0.0,27.425132657431224,29.08618777724668,0.0,0.1802136000798675,0.12401078235043053
Hnrnpd,0.1272980462544935,0.5906786252963061,1.0,-0.8969273248052836,0.193305597039876,29.42452082752655,0.5668975283149784,0.5872733998712115,0.7121013183402826
Hnrnpdl,0.0391701660299839,0.1989589310924021,0.5593049468922574,0.016461546892279,0.4594816884826079,29.54941415879839,0.512564987330013,0.7171029451093467,0.34620606952202126
Mrps18c,0.0191546447804258,0.1704181223248704,0.5039104645747324,0.0,27.712065465180217,28.93027674889638,0.0,0.219868465216889,0.31106819925288265
Hsd17b11,0.0074408008082341,0.0191546447804258,0.0980347968077632,0.0,28.07923862640763,28.84785711216381,0.0,0.2835914155624395,0.10169468667027137
Gbp8,0.0191546447804258,0.0449578329938776,0.0980347968077632,0.0,26.52118715014576,28.443633241940123,0.0,0.0963103249799625,0.12401078235043053
Lrrc8d,0.0391701660299839,0.1272980462544935,0.4436570559117131,-29.613618522159737,-29.27678803251236,-0.8842206776016709,0.7467468717829,0.0,0.2557615883546538
Rpl5,0.0721056721056721,0.3356643356643357,0.9550893550893552,-0.0099996447872141,0.0592941821507338,0.1113433145177913,2.17880739742856,2.27554557870388,0.4786549190881321
Tmed5,0.3356643356643357,0.778865578865579,1.0,-0.4553108878646886,-0.129384134573713,0.1197409682671579,0.956595843354301,0.875186840956111,0.7860293910370559
Atp5k,0.0289044289044289,0.151981351981352,0.5358197358197359,0.0531397765048535,0.2367695795056718,0.4087357295138314,0.834404128536679,0.9825225584608956,0.28397650914207206
Tpst2,0.2971897434333751,0.7703347136423385,1.0,-0.7442319624714644,-0.2558262793342292,0.1169932129933964,0.7430460354749565,0.623291495428436,0.7860293910370559
Iscu,0.0191546447804258,0.0449578329938776,0.2414967793951539,0.0,28.20142801417857,29.051962106343243,0.0,0.3086706091269824,0.12401078235043053
Selplg,0.0191546447804258,0.2585954908026854,0.6793255216523519,0.0,28.16375318207948,28.797691660414277,0.0,0.30070073998159,0.41088181362454035
Gltp,0.0074408008082341,0.0449578329938776,0.4140017389158428,0.0,26.79084575319095,28.6213262069504,0.0,0.1161042659824252,0.12401078235043053
Git2,0.0007946359005854,0.0025903828378144,0.0516999549363111,28.66664870983153,29.07734550072585,29.39234780118848,0.0,0.5664390545620105,0.06475957094536
Ankrd13a,0.0191546447804258,0.0449578329938776,0.0980347968077632,0.0,27.07992263557674,28.750347903209203,0.0,0.1418629512640352,0.12401078235043053
Mlec,0.0191546447804258,0.0449578329938776,0.0980347968077632,0.0,27.452127482966038,28.711004896563725,0.0,0.1836173920754412,0.12401078235043053
Rnf10,0.0074408008082341,0.0449578329938776,0.203551256135826,0.0,27.769609457543176,28.83003775289123,0.0,0.2288154854578422,0.12401078235043053
Dynll1,0.1205905205905206,0.6431322050036423,1.0,-0.4986183695300834,-0.1304648580386694,0.1453401784259015,0.960860375615292,0.8596171744744747,0.7406332973074016
Srsf9,0.0049728499972615,0.0421649312533629,0.3164717878479781,28.604858310223285,29.260748101997148,29.53517157777452,0.0,0.6458439985984977,0.12401078235043053
Cox6a1,0.151981351981352,0.6943278943278944,1.0,-0.1170307583900553,0.066185138613342,0.2332778229112422,0.927752088281008,0.9715712427780384,0.7464875292855697
Pxn,0.04009324009324,0.271160359877409,0.8665112665112666,-0.7402295409496944,-0.3339944550766645,0.0157087165931081,0.917342019798568,0.7282784166099194,0.42706675499033714
Rplp0,0.2318570318570318,0.6125874125874127,1.0,-0.1437584773658863,-0.0514122339026308,0.0007383177284429,2.9883623930769,2.878941537162855,0.7121013183402826
Taok3,0.0191546447804258,0.0449578329938776,0.3343475784622092,0.0,26.99633254923563,28.810438143102584,0.0,0.13387696767703,0.12401078235043053
Pebp1,0.0307090901063483,0.2932707266977624,0.9077864979090876,-0.1975040495567528,0.2190800034795816,29.569820232542376,0.640073219392613,0.730122560331947,0.4493480878418004
Wsb2,0.0191546447804258,0.2414967793951539,0.5039104645747324,0.0,27.464249371830075,28.80236992175396,0.0,0.1851666915721177,0.3915896053410747
Rpl6,0.0059052059052059,0.0938616938616938,0.3968919968919969,0.0451507012962559,0.117723835639494,0.1854336398391947,2.52248555389616,2.7412291089886227,0.2127678282366289
Trafd1,0.0074408008082341,0.0449578329938776,0.0449578329938776,26.15182089383776,28.04158018274652,28.938684856913017,0.0,0.2762846515754055,0.12401078235043053
Erp29,0.0139860139860139,0.054079254079254,0.2318570318570318,0.1652712576334086,0.3110470935529746,0.4523663506314383,1.095599266318155,1.3504529015226652,0.14240870240870218
Aldh2,0.0007946359005854,0.0280438836937886,0.3167471852085638,27.987673014904665,28.8725440641019,29.38374652067968,0.0,0.4914754325141047,0.12401078235043053
Vps29,0.1816061904559506,0.6827510662271137,1.0,-0.3790570208889086,0.0465510049663438,0.3893641056277084,0.708335792370668,0.7352184501012613,0.7464875292855697
Arpc3,0.0139860139860139,0.0721056721056721,0.3968919968919969,-0.266412518323728,-0.156639166095683,-0.0515081389324244,2.08148852935324,1.87130867375919,0.17345761560134276
Atp2a2,0.1332470203401324,0.7536651375079032,1.0,-2.0836571689714067,27.816316565906376,28.96136134264149,0.0,0.2439307872369317,0.7860293910370559
P2rx4,0.0023049801979101,0.0173711500544092,0.0688501916141175,28.90903162879993,29.276916253513345,29.503992860202803,0.0,0.6504740450202495,0.10169468667027137
Clip1,0.0449578329938776,0.0449578329938776,0.203551256135826,0.0,26.52118715014576,27.75797134016383,0.0,0.0963103249799625,0.12401078235043053
Rsrc2,0.0215562667600163,0.1168971876059197,0.4502910796846515,0.1462169290692254,0.6457741424578722,29.689533328754845,0.534546907609621,0.8084973045593782,0.24405068236965266
Denr,0.0191546447804258,0.0449578329938776,0.203551256135826,0.0,26.52118715014576,28.67952920724846,0.0,0.0963103249799625,0.12401078235043053
Vps37b,0.0007946359005854,0.0074408008082341,0.0449578329938776,27.536482732075143,28.9719482140338,29.25511692393292,0.0,0.5265328169509702,0.08349762270603607
Sbno1,0.0779787345010902,0.2585954908026854,0.6477042192622259,26.79084575319095,28.635954388623063,29.20134712908054,0.0,0.417139411785973,0.41088181362454035
Rilpl2,0.054079254079254,0.280963480963481,0.8665112665112666,-0.0108910838932812,0.168225175622958,0.3628652107250037,1.353491352668345,1.515219176605815,0.43115996495949876
Tmed2,0.151981351981352,0.6943278943278944,1.0,-0.1610501867258673,0.0131085223482392,0.1876078350488956,1.04057037784677,1.0404451566687278,0.7464875292855697
Ubc,0.1892773892773893,0.5358197358197359,0.9550893550893552,0.1255135229833224,0.3248830400311936,0.5241752814243421,1.1051886108525,1.3737436483722536,0.6564788946922943
Ran,0.0721056721056721,0.3968919968919969,0.9550893550893552,-0.3738266916559484,-0.1427285097955483,0.0892432555980298,0.9982473734176416,0.9074042664107886,0.5383665479819326
Cct6a,0.0074408008082341,0.1026841156436345,0.5570020590979111,0.0,28.45902563957804,29.146273157651564,0.0,0.3689949000278857,0.21740125505722482
Chchd2,0.1205905205905206,0.6125874125874127,1.0,-0.1007254277874196,-0.0297575978616399,0.0540112737532754,1.92301840898946,1.88042952610186,0.7121013183402826
Gusb,0.0215562667600163,0.1020809611324846,0.3502013891792955,0.1125017096755634,29.284905261668207,29.54520941117162,0.0,0.676721208924662,0.21740125505722482
Rabgef1,0.0788602895817827,0.3152856482682895,0.9499559814709728,26.379595118679337,28.458664277642026,29.128265187974257,0.0,0.3689024868636067,0.4671388497756029
Ncf1,0.0025903828378144,0.0074408008082341,0.0449578329938776,27.391785962940357,28.91033797813481,29.37955619801384,0.0,0.5045206137055169,0.08349762270603607
Lat2,0.0025903828378144,0.0449578329938776,0.4140017389158428,0.0,27.425132657431224,28.702511400394627,0.0,0.1802136000798675,0.12401078235043053
Eif4h,0.0515314018877502,0.4513629851407167,1.0,-0.4939114640707553,28.79549638650701,29.041827704823685,0.0,0.4760735506793625,0.5989669144119406
Por,0.1272980462544935,0.3700277116622618,0.9048611294504482,-29.49786054843433,-2.567512118362715,-0.4257263159735753,0.708335792370668,0.1161042659824252,0.5238743588049943
Mdh2,0.0007946359005854,0.0041476751667831,0.0314437345458923,29.07608345623916,29.45180180298748,29.634350089639813,0.0,0.7343037877989611,0.08110552925145172
Ywhag,0.0240225178357029,0.2094823757163304,0.9513641829362992,-0.1838017636509369,28.96820056160787,29.29360997438863,0.0,0.5324446439637667,0.3575865964042805
Rasa4,0.0025903828378144,0.0074408008082341,0.0191546447804258,28.367488576446103,28.877340364505866,29.20218882242034,0.0,0.4931121738864759,0.08349762270603607
Cux1,0.0191546447804258,0.0980347968077632,0.5039104645747324,0.0,27.79077753448469,28.899212225675512,0.0,0.2321975531036855,0.2127678282366289
Fis1,0.0025903828378144,0.0383449826006377,0.214863232775616,28.327859479922235,29.2292481636513,29.639324433435338,0.0,0.6293329160422123,0.12401078235043053
Gnb2,0.1892773892773893,0.6125874125874127,1.0,-0.0758653141596323,0.0418022383406261,0.1548744878113577,1.052377853631255,1.09131483879786,0.7121013183402826
Tsc22d4,0.0025903828378144,0.0074408008082341,0.0449578329938776,26.570357913083573,28.48601772435289,29.07907826169484,0.0,0.3759635925554402,0.08349762270603607
Pilra,0.0025903828378144,0.0067485373387266,0.0202223810889232,28.5702494755254,29.094893977786256,29.370395663032237,0.0,0.5733711106771963,0.08349762270603607
Lamtor4,0.0071609681938079,0.0942643068412102,0.376759117811582,28.918466277723827,29.3360875784508,29.63065156932194,0.0,0.6780084308685167,0.2127678282366289
Mafk,0.0441363158740108,0.1704181223248704,0.5039104645747324,0.0,27.720672020155348,28.645369826901792,0.0,0.2211840347725087,0.31106819925288265
Ttyh3,0.0025454891643837,0.0327788695088586,0.2414967793951539,27.038756003981124,28.64164283616272,29.13646846184515,0.0,0.4187874107021615,0.12401078235043053
Gna12,0.0025903828378144,0.0191546447804258,0.0980347968077632,0.0,28.226688045562536,29.05053395511106,0.0,0.3141085648807042,0.10169468667027137
Actb,0.280963480963481,0.6943278943278944,1.0,-0.0250400588089827,0.0132083642211437,0.0512388360579494,3.84767519934667,3.87883867483397,0.7464875292855697
Rac1,0.04009324009324,0.3968919968919969,1.0,-0.031903982296794,0.0770987789760551,0.1682119845629939,1.461205354993305,1.5432719735782026,0.5383665479819326
Bri3,0.0938616938616938,0.6125874125874127,1.0,-0.2746625242268664,-0.092871387230079,0.0782934244014118,1.402828134595035,1.3111208618550174,0.7121013183402826
Arpc1a,0.0191546447804258,0.1332470203401324,0.5039104645747324,0.0,27.93368886431517,28.702875034818387,0.0,0.256376512791675,0.26159330533972314
Arpc1b,0.2318570318570318,0.778865578865579,1.0,-0.0707882352445552,0.0191355029383997,0.1116804610469863,2.10977392952907,2.1257693165042464,0.7860293910370559
Pdap1,0.0191546447804258,0.0449578329938776,0.1479409233004462,0.0,27.040225591281025,28.973600718517392,0.0,0.1380126800134207,0.12401078235043053
Atp5j2,0.054079254079254,0.4634032634032634,0.9550893550893552,0.0305142724846026,0.227561012530052,0.3482078238516873,1.17252908669348,1.3854445231086423,0.5989669144119406
Usp12,0.0191546447804258,0.0449578329938776,0.203551256135826,0.0,26.57083842717998,28.44344836226986,0.0,0.0996826034641167,0.12401078235043053
Rpl21,0.0139860139860139,0.280963480963481,0.9550893550893552,-0.01291704364226,0.0374996554658539,0.0934098467330096,2.57288752626758,2.64020116569949,0.43115996495949876
Polr1d,0.0205128205128205,0.151981351981352,0.5358197358197359,-0.7029078846119197,-0.3693786726976592,-0.1593988579885191,0.994253976049722,0.7682441483792739,0.28397650914207206
Pomp,0.04009324009324,0.151981351981352,0.5358197358197359,0.0870060473051878,0.2061632410449784,0.2964785806921142,1.1159067599801151,1.29181452526793,0.28397650914207206
Ubl3,0.0093240093240093,0.151981351981352,0.778865578865579,0.0212108786853044,0.137458563898191,0.2479634003465798,1.209379158069705,1.3345525578201023,0.28397650914207206
Hmgb1,0.1205905205905206,0.6125874125874127,1.0,-0.0682198171801498,0.089207730168371,0.2534460429111003,1.15526310668845,1.2057665338076125,0.7121013183402826
Alox5ap,0.1443765231983298,0.6843747548063993,1.0,-1.1827088277764757,-0.2505477431497994,29.58166938955691,0.833593630187342,0.6258660434565577,0.7464875292855697
Sem1,0.0059052059052059,0.054079254079254,0.2240980634124066,-0.2321659416538344,-0.1463636962391429,-0.0732325284158753,2.053754947888475,1.85786107905854,0.14240870240870218
Ndufa4,0.0938616938616938,0.6125874125874127,1.0,-0.224477460372887,-0.0706817064846816,0.0207058268754133,1.4687777235863,1.4044427544318476,0.7121013183402826
Mdfic,0.0729980454301154,0.5109393498748492,1.0,-0.3175517342931415,28.988056303991517,29.270202489213805,0.0,0.546907562023141,0.6497779884113505
Capza2,0.0205128205128205,0.0938616938616938,0.3356643356643357,-0.1979116433318029,-0.127586639074833,-0.0480027073800796,1.63653939971336,1.498024995779955,0.2127678282366289
Ndufa5,0.0041476751667831,0.0231509519852463,0.1272980462544935,29.074102989019597,29.45478041960968,29.613620887932584,0.0,0.7358214119964435,0.11317606477936001
Arf5,0.2318570318570318,0.6943278943278944,1.0,-0.2590949468247262,-0.0108640051715979,0.1724170801936343,1.131369826890195,1.1329534063723226,0.7464875292855697
Hilpda,0.0127611587574058,0.0289044289044289,0.0921673180446737,-1.473893392885553,-0.9857580188107986,-0.5914456771412483,1.445136980295155,0.7243656135686536,0.12401078235043053
Atp6v1f,0.04009324009324,0.280963480963481,0.8665112665112666,-0.1766939419108255,-0.0911268163885372,-0.0034680285268354,1.46967931789398,1.3836457489723677,0.43115996495949876
Irf5,0.0421027181166023,0.2226536979813717,0.6843747548063993,-0.0421222939545982,0.2457886780472907,29.645360111418647,0.6719125433875325,0.799117003358164,0.376168565879563
Tnpo3,0.0191546447804258,0.0449578329938776,0.203551256135826,0.0,26.15182089383776,28.25383225313648,0.0,0.074555987088821,0.12401078235043053
Mkln1,0.0025903828378144,0.0449578329938776,0.3013890417146279,26.99633254923563,28.58892033807285,28.96239444249911,0.0,0.4037622025008542,0.12401078235043053
Akr1b3,0.0074408008082341,0.0449578329938776,0.4140017389158428,0.0,27.99105697125876,29.07082617588737,0.0,0.2667766146086732,0.12401078235043053
1810058I24Rik,0.0326604948634819,0.3152856482682895,0.953011395422729,-0.581314626661741,28.555715090983067,29.06531095513689,0.0,0.3946031358631797,0.4671388497756029
Mtpn,0.151981351981352,0.6943278943278944,1.0,-0.3768004244738786,-0.0304179104220684,0.2057444959854687,0.865613033819709,0.8573468643452032,0.7464875292855697
Zc3hav1,0.0191546447804258,0.2093912448876893,0.6793255216523519,0.0,27.33549842822685,28.85395992180872,0.0,0.1693577092573335,0.3575865964042805
Luc7l2,0.054079254079254,0.3356643356643357,0.9550893550893552,-0.0861863939894924,0.1398912252507098,0.3506369956917067,0.979684861962893,1.0804150701952298,0.4786549190881321
Tbxas1,0.0007946359005854,0.0074408008082341,0.0191546447804258,28.262600503077245,29.08527370726081,29.37596171449977,0.0,0.5695604404804088,0.08349762270603607
Kdm7a,0.0003108003108003,0.0205128205128205,0.04009324009324,-1.3015563779020924,-1.0159796418024896,-0.7608844854597587,1.28960396427734,0.6347814399460667,0.10361335169519305
Mkrn1,0.0391701660299839,0.2429082609043239,0.8597155037202089,-0.278829633631409,29.064444188557008,29.574023406402727,0.0,0.6077498391711145,0.3925890468789196
Ndufb2,0.0023049801979101,0.0202223810889232,0.1606596780277105,28.463221856395627,29.056055987829524,29.40611348687696,0.0,0.5581416591014026,0.10361335169519305
Mrps33,0.0191546447804258,0.0583453023368575,0.4727139227350589,0.0,28.094610288444297,29.101385309019484,0.0,0.286642823950709,0.1479229423816349
Pdia4,0.0074408008082341,0.0191546447804258,0.0980347968077632,0.0,27.963357922588205,28.859765421658487,0.0,0.2617034889315365,0.10169468667027137
Tmem176b,0.0289044289044289,0.3356643356643357,0.9550893550893552,-0.0457813226828874,0.08813517069907,0.170543409258722,2.0847093326147,2.219837484583548,0.4786549190881321
Tmem176a,0.0721056721056721,0.3968919968919969,0.9550893550893552,0.0056982213835212,0.1251137703837691,0.2144903438938209,1.8715191254793324,2.04323868262507,0.5383665479819326
Tra2a,0.0042232887177029,0.0316624349894849,0.2226536979813717,0.2132352781018439,29.326619015205612,29.71934249540696,0.0,0.8195142789315712,0.12401078235043053
Cycs,0.0191546447804258,0.113048723731741,0.5815114852079422,0.0,27.05914346200553,29.058562332942824,0.0,0.1398343396757095,0.23752258443637073
Hnrnpa2b1,0.0205128205128205,0.151981351981352,0.6125874125874127,-0.1777520087274499,-0.0736269467258214,0.0039482202799844,1.63509707184299,1.55682548597465,0.28397650914207206
Snx10,0.0191546447804258,0.1332470203401324,0.5039104645747324,0.0,27.602620269261827,28.82877733038876,0.0,0.2038058556751185,0.26159330533972314
Skap2,0.0195174811821777,0.1168971876059197,0.5207033237981002,0.1626108906754683,0.4147198923560574,29.68157261721141,0.629736579056421,0.8302697141080071,0.24405068236965266
Tax1bp1,0.1205905205905206,0.3356643356643357,0.8665112665112666,-0.3092608934339768,-0.1697359336225118,-0.0172495873241553,1.33268706797458,1.1882970911098374,0.4786549190881321
Creb5,0.0045417242076844,0.0921673180446737,0.6133510323978177,-0.0027503078921055,0.5826704975750165,29.80824427318486,0.672505912809993,1.0284999144767268,0.2127678282366289
Hpgds,0.0769241046186093,0.2997853409038892,0.8548127198282508,-0.4483483730864416,28.805313335898703,29.35341259255545,0.0,0.4690977476187267,0.4533460452295431
Gng12,0.0025903828378144,0.0074408008082341,0.0449578329938776,27.53743768311747,28.72768516125562,28.968530504038547,0.0,0.444523718428372,0.08349762270603607
Serbp1,0.0037296037296037,0.0721056721056721,0.4634032634032634,-0.2805409665118309,-0.1732259482192375,-0.0610676562641097,1.33498633007638,1.1885167580862226,0.17345761560134276
Igkc,0.1892773892773893,0.6125874125874127,1.0,-0.1073708275848944,-0.0464716048526002,0.0401452317028143,2.13336674358137,2.064102202693725,0.7121013183402826
Vamp8,0.0021756021756021,0.0037296037296037,0.0093240093240093,0.2748223776450587,0.3673417351412414,0.4711866696106738,1.1373999446979202,1.46564920170321,0.07836135495709902
Mat2a,0.0139860139860139,0.1205905205905206,0.4870641534695065,-1.554289525753041,-0.9668823360018528,-0.7246220273308189,1.00631734326912,0.5230575468381693,0.2447752088039858
Tgoln1,0.006334692889501,0.0423804109002546,0.2318570318570318,0.2638494737533185,0.4932182448370255,0.7706461590249049,0.7239310770021186,1.0084023551656816,0.12401078235043053
Tmsb10,0.3356643356643357,0.778865578865579,1.0,-0.5669004845391127,-0.2149632672005104,0.1208942575737994,1.34152154033845,1.165707053702393,0.7860293910370559
Suclg1,0.0191546447804258,0.0449578329938776,0.203551256135826,0.0,26.15182089383776,28.32310115614356,0.0,0.074555987088821,0.12401078235043053
Hk2,0.1989589310924021,0.5168677495508638,0.9536916548852497,-0.1816352847925678,0.1311996326303211,0.6066940659636623,0.854214314472102,0.9579848940587916,0.6552078339941951
Aup1,0.0025903828378144,0.0143763260422726,0.1204094316797541,28.5702494755254,29.0876933029691,29.307527118484497,0.0,0.5705164722422162,0.10169468667027137
Mob1a,0.0093240093240093,0.151981351981352,0.778865578865579,-0.6348163447579089,-0.2494445011600085,-0.0453466850251605,0.899495972495943,0.7589994904230047,0.28397650914207206
Tex261,0.0074408008082341,0.0449578329938776,0.3013890417146279,0.0,27.768191483313277,28.632404586695348,0.0,0.2285907012458,0.12401078235043053
Cct7,0.0583453023368575,0.1704181223248704,0.5625488430004827,0.0,28.057039278587013,29.16570292597184,0.0,0.279261078435233,0.31106819925288265
Dusp11,0.0684914953208437,0.5168677495508638,1.0,-0.7567227819499637,28.67570974909331,29.19606720726505,0.0,0.4665107689353798,0.6552078339941951
Snrpg,0.151981351981352,0.6125874125874127,1.0,-0.1974708776874183,-0.0080820124590976,0.1420660406032912,1.1749984328829,1.18598083109768,0.7121013183402826
Pcbp1,0.0012432012432012,0.0289044289044289,0.280963480963481,-0.3728639954014771,-0.2276437690926153,-0.0921097870065322,1.175904487071185,1.0133476661730096,0.12401078235043053
Mxd1,0.0042232887177029,0.0227796928098559,0.1408596996879993,0.5286409381869792,29.77901764782777,30.32153768508467,0.0,1.19076267576662,0.11317606477936001
Snrnp27,0.0191546447804258,0.0449578329938776,0.5039104645747324,0.0,26.15182089383776,28.218070589473168,0.0,0.074555987088821,0.12401078235043053
Anxa4,0.0025903828378144,0.0191546447804258,0.113048723731741,0.0,28.744574126621615,29.344775524018072,0.0,0.4497581312142987,0.10169468667027137
Gfpt1,0.0449578329938776,0.3152856482682895,0.9408026565073496,0.0,26.79084575319095,28.6559556573387,0.0,0.1161042659824252,0.4671388497756029
Rab43,0.0015383197232882,0.0327788695088586,0.5110875598667495,0.069970345447419,29.18805612975659,29.51469296792845,0.0,0.6236856492516195,0.12401078235043053
Cnbp,0.0093240093240093,0.0938616938616938,0.6146309246309228,-0.3362418011227002,-0.196079109820254,-0.0503498750508365,1.29148201279176,1.122320958837785,0.2127678282366289
Rab7,0.0021756021756021,0.0938616938616938,0.6943278943278944,-0.4596588500312842,-0.2690596622188163,-0.0509034701652017,1.06212314292457,0.8823124324282703,0.2127678282366289
Rpn1,0.0235255986784301,0.0921673180446737,0.3837143535858314,-1.0213736446233703,-0.576472659053925,-0.2435554676885482,0.8620016463611693,0.5775282903503114,0.2127678282366289
Slc6a6,0.2316580839481953,0.772139521993872,1.0,-0.2067414215878731,0.0136325946789025,0.1932099049991459,1.0622705361385776,1.0744065299959351,0.7860293910370559
Arl6ip5,0.0788382507047654,0.530252539023499,1.0,-1.1647007475550368,27.92461783254558,28.786018997600827,0.0,0.2547695871686884,0.6564788946922943
Foxp1,0.0021440236871193,0.0172688724201217,0.0718263311415725,-2.838257292573823,-1.5689744524742726,-0.9000752035299695,1.20208067922243,0.4114646370393747,0.10169468667027137
Ppp4r2,0.0003108003108003,0.0037296037296037,0.0938616938616938,-1.1435224022428283,-0.8465920650911087,-0.5141617448011773,0.994683259004508,0.5568116228292836,0.07836135495709902
Bhlhe40,0.3956753248866318,0.8110701293339075,1.0,-29.402097344774653,-0.9211612083037308,28.674650030895524,0.515808128013876,0.1418629512640352,0.8172772986910548
Arl8b,0.0941615986076139,0.5958830905651777,1.0,-1.0624364564252582,27.98924603153342,29.08763821679268,0.0,0.4805925437720032,0.7121013183402826
Edem1,0.0995927108704562,0.4727139227350589,1.0,0.0086717246815099,28.7253043091418,29.285277539408376,0.0,0.4524548653271047,0.6062402580530788
Camk1,0.0074408008082341,0.0449578329938776,0.203551256135826,0.0,27.680657553062225,28.915079600603757,0.0,0.2151335883499852,0.12401078235043053
Arpc4,0.280963480963481,0.772139521993872,1.0,-0.25563773875561,0.1066298467987552,0.3592127114441454,0.8202535399546107,0.871162298100759,0.7860293910370559
Brk1,0.151981351981352,0.6943278943278944,1.0,-0.2262333205468205,-0.0240669899488358,0.1221633423124004,1.21859225408934,1.203738837189695,0.7464875292855697
Irak2,0.0074408008082341,0.1514939924042201,0.8548127198282508,27.09580244879476,28.53688376574221,29.10041905207663,0.0,0.3894559824140993,0.28397650914207206
Rpl32,0.054079254079254,0.3968919968919969,1.0,-0.0128327643596053,0.0420502282406458,0.0954121747057266,3.287258472313765,3.38398551838957,0.5383665479819326
Plxnd1,0.0292392382560989,0.2094823757163304,0.8548852638490622,-0.2340166389100109,29.03340183178661,29.48176859032767,0.0,0.5777709899788672,0.3575865964042805
Rassf4,0.0025903828378144,0.0074408008082341,0.0449578329938776,27.858567040052783,28.95625088218829,29.50746701662674,0.0,0.5208348988297087,0.08349762270603607
Hnrnpf,0.0093240093240093,0.054079254079254,0.280963480963481,-0.2745192244652016,-0.1767556333815821,-0.1062114079819341,1.548334704553825,1.3781431753217674,0.14240870240870218
Wnk1,0.0289044289044289,0.1892773892773893,0.778865578865579,-0.2387809513917592,-0.1333957242413318,-0.0327784894660221,1.641693949262885,1.49375140808973,0.332690534200949
Kdm5a,0.0025903828378144,0.0191546447804258,0.0980347968077632,0.0,27.653684854821684,28.860232788359674,0.0,0.2111526584096575,0.10169468667027137
Il17ra,0.0007946359005854,0.0074408008082341,0.0583453023368575,28.08712873349702,28.98399627367193,29.422038052116243,0.0,0.5309483454339465,0.08349762270603607
Atp6v1e1,0.01419574388266,0.0718263311415725,0.3209116751597887,0.2400415754345286,0.4913915205856373,1.577697441246235,0.663750871003644,0.9331334717084904,0.17345761560134276
M6pr,0.0093240093240093,0.054079254079254,0.3356643356643357,0.1243782838308647,0.3018217210374632,0.4683241558232937,1.106206671252345,1.3624057987047975,0.14240870240870218
Apobec1,0.0025903828378144,0.0074408008082341,0.0516999549363111,27.76118022618419,28.751835850798063,29.291334537443177,0.0,0.45202767043114,0.08349762270603607
C3ar1,0.2464146499470496,0.5992448359443866,1.0,-2.805008246863195,-0.9819918576632688,-0.2779483964561002,1.24051824801154,0.6258700819595625,0.7121013183402826
Clec4a1,0.1116117682982922,0.5022642955663339,1.0,-1.062352454480385,0.0030995235670444,29.48652840534071,0.6168248005288968,0.5763689408173768,0.6420530639116566
Clec4a3,0.0516999549363111,0.396088002667696,1.0,-0.803772340305701,28.14611764054112,29.214789464219816,0.0,0.2971878551484768,0.5383665479819326
Clec4a2,0.0938616938616938,0.6943278943278944,1.0,-0.307482890564357,0.0425055002381502,0.3142576480982487,1.02806625310001,1.0545897693263218,0.7464875292855697
Clec4n,0.04009324009324,0.151981351981352,0.3968919968919969,0.115661186606689,0.2712507831569468,0.4452818951003385,1.34541497773951,1.625161917447795,0.28397650914207206
Clec4d,0.3274876822714159,0.7570275366456047,1.0,-28.86610744163957,0.0,28.677456786234767,0.0,0.1787713934868845,0.7860293910370559
Clec4e,0.0191546447804258,0.0449578329938776,0.2653152307346181,0.0,26.67970145114417,28.79980981750466,0.0,0.107495530695156,0.12401078235043053
Phb2,0.0074408008082341,0.0980347968077632,0.6477042192622259,0.0,26.99633254923563,28.582597846393995,0.0,0.13387696767703,0.2127678282366289
Ptpn6,0.0007946359005854,0.0007946359005854,0.0074408008082341,28.58181486700244,29.10275982232698,29.35913106153812,0.0,0.576505775377811,0.060361765525237115
Grcc10,0.0037296037296037,0.054079254079254,0.3852910073270225,0.0831785287603207,0.3398807390617975,0.5699151789206067,0.748268587042754,0.9546673688577088,0.14240870240870218
Tpi1,0.0142769489529344,0.0441363158740108,0.0901559774973563,28.70852435525581,29.184020557007784,29.57714149210477,0.0,0.6099097570064528,0.12401078235043053
Ptms,0.2318570318570318,0.6943278943278944,1.0,-0.2096395203205286,-0.0300206343426895,0.1503376827857721,1.23501487044517,1.2169829978246305,0.7464875292855697
Mlf2,0.0025903828378144,0.0191546447804258,0.1905179717373536,26.52118715014576,28.618549704568068,29.07734550072585,0.0,0.4121372722981538,0.10169468667027137
Chd4,0.008969389134836,0.0355579056999209,0.2031145355129076,0.2777036671772895,0.5204617483064423,0.9293788809261492,0.723796512311084,1.040817750831,0.12401078235043053
Gapdh,0.0721056721056721,0.3968919968919969,0.9550893550893552,0.1479152345798783,0.2497708122501536,0.3840596347146732,1.73109622757366,2.047972466434695,0.5383665479819326
Tnfrsf1a,0.0718263311415725,0.4478307404396433,1.0,-0.1553439081233406,0.1721349939128201,0.5143126624411386,0.6742941408994945,0.7668485442921795,0.5984206443628522
Cd9,0.2815796622780161,0.768278203545834,1.0,-1.8148066469399355,-0.1904934783201167,29.21293449251986,0.695858161687129,0.602796425529428,0.7860293910370559
Clec2d,0.3356643356643357,0.778865578865579,1.0,-0.1644834490552915,-0.0368489808915512,0.1122563546789307,1.327861297402495,1.29285331098785,0.7860293910370559
Clec12a,0.0007946359005854,0.0025903828378144,0.0191546447804258,28.943893467815275,29.593485644223943,29.80685051037314,0.0,0.8100780313579006,0.06475957094536
Klra2,0.0007946359005854,0.0007946359005854,0.0025903828378144,29.44577667425516,29.689394766322884,29.87054569918159,0.0,0.8657617157598062,0.060361765525237115
Ybx3,0.0074408008082341,0.0191546447804258,0.2653152307346181,0.0,27.971503182958774,28.968530504038547,0.0,0.2631970987706216,0.10169468667027137
Etv6,0.0074408008082341,0.0449578329938776,0.4140017389158428,0.0,26.290011306698624,28.37504718813408,0.0,0.0820506421618547,0.12401078235043053
Hebp1,0.0023049801979101,0.0292392382560989,0.1116117682982922,29.6037543208467,29.84272174937622,30.0640340156396,0.0,0.9628406349074076,0.12401078235043053
Emp1,0.0005566270457699,0.0005566270457699,0.0012263957490922,-30.64991254069036,-30.490717379603584,-30.432477841316956,1.5087612460887,0.0,0.060361765525237115
Plbd1,0.3968919968919969,0.778865578865579,1.0,-0.1517371537425284,-0.0408468638973991,0.0604884651906538,1.534893646433515,1.49299272703675,0.7860293910370559
H2afj,0.3968919968919969,0.778865578865579,1.0,-0.0880123459304857,0.0492697277427679,0.1809671580416721,1.33015808691142,1.3699926650367,0.7860293910370559
Wbp11,0.0025903828378144,0.0191546447804258,0.1905179717373536,27.77620719240959,28.87105612178368,29.100697211042952,0.0,0.490968804229157,0.10169468667027137
Arhgdib,0.054079254079254,0.3968919968919969,0.9562121212121204,-0.2286746021289623,-0.1039093682453649,0.0744073478776055,1.635680993285645,1.5069465712057273,0.5383665479819326
Strap,0.0191546447804258,0.0779787345010902,0.4140017389158428,0.0,26.929611965925247,28.493077077828243,0.0,0.1278265212545065,0.18356138336073083
Aebp2,0.0074408008082341,0.0449578329938776,0.3343475784622092,0.0,27.95779049980389,28.96419022069172,0.0,0.260695509972604,0.12401078235043053
Kras,0.0238173642667224,0.2467376368078808,0.9538477801698514,-0.6452237077514723,-0.2242313750881414,-0.0113507520817514,0.8989936009732475,0.7699728552673305,0.394580431332441
Fgfr1op2,0.0449578329938776,0.0449578329938776,0.0980347968077632,0.0,27.452127482966038,27.70937319091805,0.0,0.1836173920754412,0.12401078235043053
Resf1,0.0074408008082341,0.0449578329938776,0.4140017389158428,0.0,27.68786812859273,28.779997521019716,0.0,0.2162115153900192,0.12401078235043053
Ndufa3,0.0060562738692192,0.0202223810889232,0.0586501936991571,28.9464507937422,29.494422307330705,29.64234657324249,0.0,0.7563204070812151,0.10361335169519305
Rps9,0.3356643356643357,0.778865578865579,1.0,-0.0571631298344171,0.0037196468871532,0.0393470038644722,3.30985408026127,3.32336746876962,0.7860293910370559
Pirb,0.0729980454301154,0.413686226993168,1.0,-0.7470685649662561,28.516859690144663,29.511209225006027,0.0,0.6082671837555536,0.5581252111664092
Lair1,0.0007946359005854,0.0123932749910412,0.1026841156436345,27.95779049980389,29.02034450861805,29.554170608958614,0.0,0.5444953569882778,0.10169468667027137
Ppp1r12c,0.0074408008082341,0.0449578329938776,0.203551256135826,0.0,26.379595118679337,28.680744274050063,0.0,0.0873070670954787,0.12401078235043053
Rpl28,0.0205128205128205,0.2318570318570318,0.778865578865579,0.0181239567456897,0.0833711974222823,0.1325726073477935,2.79990582218188,2.9639276364587523,0.3822350900815007
Ube2s,0.1751747348803573,0.7199178531944465,1.0,-2.269616999216654,-0.2093799942997301,29.026831456660155,0.569897991894331,0.400600297470666,0.7710616920059825
Epn1,0.0074408008082341,0.0191546447804258,0.1679303295400057,26.290011306698624,28.63189975704312,29.04220552277496,0.0,0.4159687055137372,0.10169468667027137
Rps5,0.1892773892773893,0.6534576534576535,1.0,-0.0313238436742389,0.0255851311589406,0.0790306548895395,2.79369839477,2.8420960647424525,0.7464875292855697
Chmp2a,0.04009324009324,0.2467376368078808,0.8665112665112666,-0.0054748082342992,0.188255481891075,0.4229465733024736,0.818645762662845,0.9368962804882977,0.394580431332441
Selenow,0.0093240093240093,0.1892773892773893,0.8665112665112666,-0.3861687474008632,-0.1806811933957084,0.0545220285009813,1.012711728843525,0.8921596217186709,0.332690534200949
Nop53,0.099459500769725,0.4727139227350589,1.0,-0.633364498545819,28.43159235655705,29.284232814954382,0.0,0.3674636726152791,0.6062402580530788
Napa,0.0191546447804258,0.0449578329938776,0.5039104645747324,0.0,26.99633254923563,28.371526129563044,0.0,0.13387696767703,0.12401078235043053
C5ar1,0.0797658542701715,0.3164717878479781,0.8548127198282508,-29.62302945793568,-2.4702462390525506,-0.8003390830850723,0.7153377617931544,0.1278265212545065,0.4671388497756029
Tmem160,0.0916779638056834,0.2318570318570318,0.6125874125874127,0.0770500040279483,0.2980292963620568,0.5935355101108207,0.808369324457481,0.981396121505883,0.3822350900815007
Ap2s1,0.1793008982115698,0.3837143535858314,0.8616968286082338,-0.0028622079824969,0.4508719069307809,29.547660749750023,0.5137921487504282,0.7185542693838223,0.5378536893768752
Calm3,0.0125222247240691,0.0421027181166023,0.1476485888064738,0.2550818134329498,0.533985014553759,29.874978492674533,0.66494122614629,0.9448953118099556,0.12401078235043053
Snrpd2,0.0045417242076844,0.0718263311415725,0.6022000059254968,0.0336720406825491,0.3475662789141281,29.762728610272426,0.698083472253739,0.8989525417757265,0.17345761560134276
Vasp,0.0026540293594823,0.0063457053762778,0.0316624349894849,0.6879826602592776,29.97599122512752,30.091055822825204,0.0,1.0820986802556876,0.08349762270603607
Fosb,0.0721056721056721,0.4634032634032634,1.0,-0.1456766051973652,0.2182869869485901,0.4550854123993503,1.3716742768168,1.60594635836289,0.5989669144119406
Trappc6a,0.0449578329938776,0.0449578329938776,0.5039104645747324,0.0,26.55161786332378,27.617080603719685,0.0,0.098363371424415,0.12401078235043053
Apoe,0.054079254079254,0.3356643356643357,0.9550893550893552,-0.1794319633601697,0.1418082625144121,0.2953266461789928,3.93235572051928,4.299666124477636,0.4786549190881321
Plaur,0.0037296037296037,0.0139860139860139,0.0938616938616938,-1.0960746184489232,-0.7502275507351337,-0.3576314693180955,1.45427496216214,0.8538223329639475,0.10169468667027137
Rps19,0.3356643356643357,0.778865578865579,1.0,-0.0252471320577075,0.0335250725213031,0.0864563802205133,2.93486483893946,3.004839016971688,0.7860293910370559
Rabac1,0.2971897434333751,0.8168005804132161,1.0,-0.304540388321614,-0.0938431812064775,0.1687428845778192,0.816033712097938,0.7643637589718335,0.8217937576750391
Pou2f2,0.3152856482682895,0.7441250623860661,1.0,-28.23563008037375,26.929611965925247,28.579218196200003,0.0,0.1378721663141327,0.7860293910370559
Tgfb1,0.0139860139860139,0.0289044289044289,0.0938616938616938,-0.5452562617879951,-0.4078623968359786,-0.2568349176385829,1.51233678132433,1.138325300979655,0.12401078235043053
Axl,0.0042232887177029,0.0292392382560989,0.1611249492890518,0.3578265502974936,29.725591786924888,30.052640230512772,0.0,0.948594436917476,0.12401078235043053
Blvrb,0.0037296037296037,0.04009324009324,0.280963480963481,0.1027924473590687,0.3193048630898978,0.6542460087667572,0.9882906837972064,1.22973969098519,0.12401078235043053
Pld3,0.0074408008082341,0.0191546447804258,0.0449578329938776,26.79084575319095,28.92831885324143,29.166598317208656,0.0,0.510848000794567,0.10169468667027137
Psmc4,0.0191546447804258,0.0449578329938776,0.203551256135826,0.0,26.964191377180807,28.22965666388497,0.0,0.130927359735436,0.12401078235043053
Fbl,0.0391495364442502,0.3096559030458566,1.0,-0.2307505401435416,28.90903162879993,29.16567358811192,0.0,0.511360208949598,0.4640139670072586
Rps16,0.1892773892773893,0.6125874125874127,1.0,-0.0685167510846598,-0.018772160826163,0.0389127385719223,3.219085176279875,3.179328235800395,0.7121013183402826
Zfp36,0.0012432012432012,0.04009324009324,0.3968919968919969,-0.561260788595808,-0.2976241610884123,-0.0935896150767533,2.2198158821120453,1.8007642475817889,0.12401078235043053
Med29,0.0074408008082341,0.0980347968077632,0.5568598338696402,0.0,27.464249371830075,28.906295175546763,0.0,0.1851666915721177,0.2127678282366289
Gmfg,0.054079254079254,0.280963480963481,0.8665112665112666,0.0066351780373285,0.1380519445925488,0.2414528984649397,1.31667544026842,1.4505388925721223,0.43115996495949876
Nfkbib,0.0421649312533629,0.2465045573584016,0.6793255216523519,0.0,28.59201105581373,29.19140038696178,0.0,0.4046252335471767,0.394580431332441
Sirt2,0.0191546447804258,0.0980347968077632,0.8040040579628547,0.0,26.55161786332378,28.242854244611387,0.0,0.098363371424415,0.2127678282366289
Hnrnpl,0.0025903828378144,0.0191546447804258,0.1905179717373536,0.0,28.58462307537992,29.13297351805207,0.0,0.4025584612366392,0.10169468667027137
Actn4,0.0191546447804258,0.0449578329938776,0.4140017389158428,0.0,27.54370841295356,28.536749709043526,0.0,0.195651157639465,0.12401078235043053
Eif3k,0.054079254079254,0.4634032634032634,1.0,-0.0337546553796233,0.1678690827008273,0.4031593867240271,0.961259156817629,1.0706933112967825,0.5989669144119406
Psmd8,0.0060656947207601,0.0553192420704978,0.3510392132894582,0.017686721248986,1.4892308202645492,29.73403120632216,0.2778030946596485,0.7586137375341587,0.14413445348039086
Capns1,0.0093240093240093,0.1205905205905206,0.6943278943278944,0.0098398686310261,0.1765869533150078,0.357736470297952,0.7584111158555875,0.8497652785750063,0.2447752088039858
Tbcb,0.0191546447804258,0.0449578329938776,0.4140017389158428,0.0,27.93568210395022,29.047449982098595,0.0,0.256730969549047,0.12401078235043053
Tyrobp,0.0059052059052059,0.1892773892773893,0.9550893550893552,-0.0051458849908123,0.0293496790340257,0.070224260367938,2.9513491852727247,3.0102688424504374,0.332690534200949
Psenen,0.1168971876059197,0.5624846616632901,1.0,-0.2359739370744955,0.0486494367129663,0.2824192120618778,0.7643738089284184,0.7875019840679458,0.6836352041753834
Cox6b1,0.0537296037296037,0.3968919968919969,0.9550893550893552,-0.0119641580022982,0.0967768878711901,0.1828074483961989,1.55105341647244,1.65369161051083,0.5383665479819326
Rbm42,0.0449578329938776,0.0449578329938776,0.5039104645747324,0.0,26.55161786332378,27.66989193121868,0.0,0.098363371424415,0.12401078235043053
Usf2,0.0060562738692192,0.0516999549363111,0.2465045573584016,27.77823295797312,28.886357150485463,29.255335992917047,0.0,0.496203664087975,0.1400329770935314
Fxyd5,0.04009324009324,0.2318570318570318,0.8665112665112666,-0.223761771254311,-0.1062083032146119,0.0185098641151524,1.83402799728733,1.7152321802930075,0.3822350900815007
Gpi1,0.0012432012432012,0.0205128205128205,0.1828417017123981,0.2030424077988998,0.4074501653611303,0.9808232536510312,0.7012383126822145,0.9034194264338362,0.10361335169519305
Pdcd5,0.0123932749910412,0.1819596299013146,0.8596837951986661,-0.2526616109096701,28.850837156498343,29.39635053522733,0.0,0.514995805644874,0.3306074232337593
Cd33,0.2997853409038892,0.6694111706224701,1.0,-0.8291510631498046,28.47564346279416,28.96773979807432,0.0,0.3830356072396782,0.7464875292855697
Fcgrt,0.042658103683907,0.2226536979813717,0.8616968286082338,-0.123183208811054,0.1833422565005893,0.4910119827252732,0.8184142271740782,0.9148629439504448,0.376168565879563
Rps11,0.0006216006216006,0.0093240093240093,0.1892773892773893,0.0287657150465143,0.0773271180545171,0.1262432602458468,3.107720372429885,3.277938767782755,0.09161650952695705
Rpl13a,0.04009324009324,0.3968919968919969,0.9550893550893552,-0.0265146579724715,0.0357343592925603,0.1064084395844633,2.4229962510567,2.4844678530272724,0.5383665479819326
Snrnp70,0.0830811869664738,0.3164717878479781,0.953011395422729,-0.1462303789498122,0.3032602145561313,29.60957089704053,0.626759294832264,0.7465311072932534,0.4671388497756029
Ftl1,0.0139860139860139,0.151981351981352,0.5358197358197359,0.0185392148556929,0.0536472617978623,0.1118448498008994,3.9459342188929,4.102930130785985,0.28397650914207206
Bax,0.2201475617987384,0.7260951618325295,1.0,-0.7451386538924629,-0.261398067957444,29.08723141946875,0.676759767406852,0.564617916094394,0.7764146965994834
Nucb1,0.0025903828378144,0.0191546447804258,0.0980347968077632,26.67970145114417,28.53703945650312,28.8766994388438,0.0,0.3894976688341159,0.10169468667027137
Ppp1r15a,0.0205128205128205,0.2318570318570318,0.8616968286082338,-1.0321214631267488,-0.4876504162251651,-0.1603818414499589,0.890240802629387,0.633483954513484,0.3822350900815007
Rpl18,0.3356643356643357,0.778865578865579,1.0,0.0099843326804058,0.0605073771685595,0.1139338724071088,2.7037575918999,2.8238933730063147,0.7860293910370559
Kdelr1,0.0025903828378144,0.0191546447804258,0.1479409233004462,0.0,28.261142380265355,28.929764664806083,0.0,0.3217003747699007,0.10169468667027137
Emp3,0.0139860139860139,0.054079254079254,0.2318570318570318,-0.8645451805906506,-0.5511464853812806,-0.2977978429296314,1.26650242824608,0.85376259841074,0.14240870240870218
Saa3,0.0191546447804258,0.0449578329938776,0.203551256135826,0.0,27.41022469482101,28.585697327559423,0.0,0.1783609671418172,0.12401078235043053
Ldha,0.280963480963481,0.6943278943278944,1.0,-0.1560553936347366,0.0701754471519574,0.2262206269628742,1.096162276422195,1.1564163711499726,0.7464875292855697
Tsg101,0.0074408008082341,0.0449578329938776,0.203551256135826,0.0,26.379595118679337,28.543605335264274,0.0,0.0873070670954787,0.12401078235043053
Spty2d1,0.1611249492890518,0.5168677495508638,1.0,-0.3313089912711711,0.2366979070909221,29.53510250938798,0.563902796892991,0.6721303545268444,0.6552078339941951
Cyfip1,0.042658103683907,0.1892773892773893,0.778865578865579,0.028154211570337,0.3890589523976733,0.7822290921601677,0.6833675035670475,0.8936412923791265,0.332690534200949
Ube3a,0.1026841156436345,0.5568598338696402,0.8904027809514472,0.0,26.982085493799172,28.680989173024653,0.0,0.1325613981214102,0.6801472924505501
Klf13,0.0014034822813198,0.0125222247240691,0.1168971876059197,0.2767234263916911,0.5831611920669051,29.81173418151397,0.600471171272449,0.8952775101053357,0.10169468667027137
Selenos,0.0049728499972615,0.0327788695088586,0.2628903364198475,28.669626341559205,29.16652067136505,29.3866274729116,0.0,0.6025599593578055,0.12401078235043053
Mef2a,0.0421027181166023,0.1989589310924021,0.6851773174958848,0.0129780334140787,0.3261483104580557,29.606768596665475,0.646973677281685,0.798883821171303,0.34620606952202126
Chd2,0.0071609681938079,0.0677460138406892,0.4278251278478543,0.1635917871446398,29.344130157891534,29.58914499075434,0.0,0.7126324054887088,0.1704437927838996
Akap13,0.0021756021756021,0.0205128205128205,0.1205905205905206,-1.1414967793718809,-0.7446091700089048,-0.4943006811264869,1.41033620310986,0.839400387187347,0.10361335169519305
AU020206,0.0074408008082341,0.0074408008082341,0.0449578329938776,27.835552479201542,28.96974406697121,29.25840335342397,0.0,0.5257289951903632,0.08349762270603607
Furin,0.0766946523491614,0.3795808914251254,0.9408026565073496,-29.40476790496877,-28.19340069547776,0.0,0.3436740257613405,0.0,0.5347163056809006
Crtc3,0.113048723731741,0.3274876822714159,0.8507563383633296,-0.8239214697901261,28.08053728862266,28.65170670089589,0.0,0.286212052050537,0.4786549190881321
Iqgap1,0.0093240093240093,0.0938616938616938,0.4634032634032634,-0.2801695633692498,-0.1526001744564127,-0.0773039574348103,1.882886222463425,1.69389641055662,0.2127678282366289
Rps17,0.1883449883449884,0.6943278943278944,1.0,-0.0970153454102899,-0.0165466510634119,0.0441572906944159,2.21338654529322,2.200103446750025,0.7464875292855697
Btbd1,0.0191546447804258,0.2414967793951539,0.4140017389158428,0.0,26.79084575319095,28.64450495027218,0.0,0.1161042659824252,0.3915896053410747
Tm6sf1,0.151981351981352,0.6125874125874127,1.0,-0.4770546640965335,-0.1551376141579417,0.0870005190968669,0.9511824704777444,0.8596307557541432,0.7121013183402826
Ctsc,0.0021756021756021,0.04009324009324,0.2318570318570318,0.0787168024642978,0.1533731595123137,0.2453910496005364,2.313626695197855,2.576515646361845,0.12401078235043053
Picalm,0.0037296037296037,0.0721056721056721,0.3371950271950258,-0.3052857620686433,-0.1790856073314117,-0.0831712154791913,1.83507163321901,1.617069031037495,0.17345761560134276
Pcf11,0.0025903828378144,0.0570872984880488,0.5039104645747324,0.0,28.64247227018725,29.021596824387395,0.0,0.4190282491251708,0.14680652931496924
Prcp,0.04009324009324,0.3968919968919969,0.9550893550893552,-0.0825452684695453,0.1541598252399508,0.4407230410495873,0.8317976781086323,0.9171716405283368,0.5383665479819326
Ndufc2,0.0101978767762402,0.0235255986784301,0.0798387196458526,0.3153144241973806,0.5178995827267406,0.7532980958639169,0.704524164182202,1.0049459507382688,0.11323263180313418
Uvrag,0.0025903828378144,0.0191546447804258,0.1272980462544935,26.57083842717998,28.428707839249224,28.896431382598543,0.0,0.3613214932390942,0.10169468667027137
Rps3,0.2318570318570318,0.6125874125874127,1.0,0.0205986733179433,0.0656843883142238,0.1133363988481112,2.52035527920932,2.63344110964497,0.7121013183402826
Spcs2,0.1476485888064738,0.4634032634032634,0.9550893550893552,-0.0490348939399345,0.0767614155676359,0.2506310983964027,0.8031622537492,0.8446263332640807,0.5989669144119406
Ucp2,0.0537296037296037,0.3356643356643357,0.9550893550893552,0.0079207402309341,0.0854369227155208,0.1649552465079262,1.77761292307817,1.8977161607679789,0.4786549190881321
P2ry6,0.0277509926719708,0.0638399918688504,0.164537455843051,-1.569982663974482,-0.8464905059279666,-0.3848448929796311,1.08631203144059,0.599997254158807,0.1608214080879841
Arap1,0.0449578329938776,0.2414967793951539,0.5039104645747324,0.0,26.851566100441485,28.2431898717822,0.0,0.121095170550644,0.3915896053410747
Art2b,0.0074408008082341,0.0449578329938776,0.203551256135826,0.0,26.79084575319095,28.99654417882874,0.0,0.1161042659824252,0.12401078235043053
Lamtor1,0.0073195403589736,0.0430058933601486,0.2414967793951539,27.86825782776849,28.92046029910404,29.458872745613306,0.0,0.5080729079602415,0.12401078235043053
Il18bp,0.0007946359005854,0.0025903828378144,0.0074408008082341,28.969449897450485,29.557325878760143,29.983542159904196,0.0,0.7900265405478438,0.06475957094536
Nup98,0.2429082609043239,0.768278203545834,1.0,-0.7648145100238705,-0.2811396069939302,0.4953905885795505,0.675004218350073,0.554992668851677,0.7860293910370559
Pgap2,0.0074408008082341,0.0449578329938776,0.203551256135826,0.0,26.57083842717998,28.327582575553283,0.0,0.0996826034641167,0.12401078235043053
Rhog,0.3541094107998596,0.8168005804132161,1.0,-0.3959422790095994,-0.0692625953221428,0.1501088361921244,0.91038678882093,0.865066348144077,0.8217937576750391
Timm10b,0.0202223810889232,0.0995927108704562,0.3795808914251254,28.792371153304664,29.23545057073348,29.451457435015584,0.0,0.6320443564605724,0.21473319210606004
Taf10,0.1048818005561559,0.5358197358197359,1.0,-0.1504966748818691,0.1106550201514662,0.423795392826814,0.7613825202408445,0.8229783472169203,0.6564788946922943
Tpp1,0.0025903828378144,0.0143763260422726,0.1066231979755862,28.80755498248297,29.40281376541485,29.729532347751345,0.0,0.7110959000316395,0.10169468667027137
Eif3f,0.0037296037296037,0.0289044289044289,0.1892773892773893,0.1952938403070672,0.3883041886133704,0.5110667806019928,1.06579683099483,1.4039467617841477,0.12401078235043053
Rpl27a,0.054079254079254,0.3356643356643357,0.9550893550893552,-0.0133889021021689,0.0462779103447682,0.1065062737066137,3.25150945119568,3.359010533988508,0.4786549190881321
Dennd5a,0.0383449826006377,0.2465045573584016,0.760507367222683,0.0,28.281761369717923,29.106590500436887,0.0,0.32633187325512,0.394580431332441
Swap70,0.0191546447804258,0.0191546447804258,0.0980347968077632,0.0,27.94700526609976,29.065659037170743,0.0,0.2587538809899425,0.10169468667027137
Eif4g2,0.0003108003108003,0.0037296037296037,0.0289044289044289,-0.5890696804292768,-0.4964280977960166,-0.3820485286645491,1.56339595037547,1.1104877198929657,0.07836135495709902
Copb1,0.0779787345010902,0.4727139227350589,1.0,0.0,27.617080603719685,28.90359085027128,0.0,0.2058589021195709,0.6062402580530788
Psma1,0.0007946359005854,0.0041476751667831,0.0384404813169558,28.93354536470132,29.261429468405236,29.48613209931228,0.0,0.6435288855912524,0.08110552925145172
1110004F10Rik,0.0074408008082341,0.0980347968077632,0.6791567288705544,0.0,26.99633254923563,28.68039747296708,0.0,0.13387696767703,0.2127678282366289
Rps13,0.3356643356643357,0.778865578865579,1.0,-0.0704943664519676,-0.0108188864046148,0.037875775107512,2.9919310214881003,2.9708077272225326,0.7860293910370559
Rps15a,0.054079254079254,0.3968919968919969,0.9550893550893552,-0.0117487536534683,0.0417845940006424,0.0880601515149166,3.03149458016414,3.121652025403365,0.5383665479819326
Arl6ip1,0.0044341093233441,0.0559774506991504,0.271160359877409,0.0827016718529349,0.2803711083546484,29.73278588877576,0.789484908940818,0.9415864034790646,0.14414011099194532
Smg1,0.0191546447804258,0.0980347968077632,0.5039104645747324,0.0,27.425132657431224,28.6070765384774,0.0,0.1802136000798675,0.2127678282366289
Itpripl2,0.1332470203401324,0.6694111706224701,1.0,-2.240316404120395,27.617080603719685,28.92014226385659,0.0,0.3477218533836062,0.7464875292855697
Gde1,0.0060562738692192,0.0231509519852463,0.1289960116674872,0.7324440830720149,29.662967854450496,29.83846020000829,0.0,0.8500472840335855,0.11317606477936001
Uqcrc2,0.0074408008082341,0.0191546447804258,0.0980347968077632,0.0,28.215373371159277,28.84282054383336,0.0,0.3116547297102745,0.10169468667027137
Igsf6,0.05582929463924,0.1514939924042201,0.3096559030458566,29.331419831680723,29.514772730962303,29.672905346212904,0.0,0.7670645401652922,0.28397650914207206
Ndufab1,0.0007946359005854,0.0191546447804258,0.1332470203401324,26.929611965925247,28.5641258120641,29.082620247028093,0.0,0.3968795012471965,0.10169468667027137
Prkcb,0.0191546447804258,0.0449578329938776,0.203551256135826,0.0,26.55161786332378,28.03949097952433,0.0,0.098363371424415,0.12401078235043053
Rbbp6,0.0725809615755736,0.384993546056126,0.9538159449155053,-0.2918513365536908,0.1164485764651889,0.3800819034794633,0.740896492496562,0.8074401781468783,0.5383665479819326
Arhgap17,0.0173711500544092,0.1514939924042201,0.4278251278478543,28.913759138341497,29.18577979549897,29.4043361324642,0.0,0.6109312764687231,0.28397650914207206
Il4ra,0.0205128205128205,0.3356643356643357,0.9550893550893552,-0.0599296432273033,0.0920163993382448,0.2800003892868538,0.8337623661797162,0.8869360945627094,0.4786549190881321
Il21r,0.0025903828378144,0.0074408008082341,0.0449578329938776,27.95779049980389,29.100071607828443,29.31966613428527,0.0,0.5754325560398406,0.08349762270603607
Atxn2l,0.0449578329938776,0.0449578329938776,0.203551256135826,0.0,26.379595118679337,27.73634364186997,0.0,0.0873070670954787,0.12401078235043053
Eif3c,0.0093240093240093,0.0930450589520381,0.4634032634032634,0.0783223721072519,0.3427041039774399,0.6249423976138594,0.740896492496562,0.9445489063009538,0.2127678282366289
Bola2,0.231997723628734,0.7715426535572856,1.0,-0.6189296552860574,28.62996927692044,29.357357286936217,0.0,0.581354235512648,0.7860293910370559
Coro1a,0.0938616938616938,0.6125874125874127,1.0,-0.114574053286232,0.0338053949194112,0.1823934350412453,1.37389858169033,1.398727337699895,0.7121013183402826
Gdpd3,0.151981351981352,0.6943278943278944,1.0,-0.1505897450250801,0.0181647347045171,0.2291929070996775,1.4169476600629,1.43348671420347,0.7464875292855697
Ypel3,0.0074408008082341,0.0449578329938776,0.4140017389158428,0.0,27.05914346200553,28.57548383416239,0.0,0.1398343396757095,0.12401078235043053
Aldoa,0.0235255986784301,0.0489385496433655,0.20261353134705,0.4586147542786526,0.7103570912379304,0.9469006882156268,0.8196782851115154,1.3309889839245126,0.13461509128920177
Mvp,0.0025903828378144,0.0074408008082341,0.0191546447804258,28.45043156554981,29.136315110403945,29.37885528675962,0.0,0.5900717330934431,0.08349762270603607
Itgal,0.0060562738692192,0.0383449826006377,0.1704181223248704,28.645928099655663,29.23858303443013,29.429181188286798,0.0,0.6334181789900648,0.12401078235043053
Stx4a,0.0191546447804258,0.0449578329938776,0.1479409233004462,0.0,27.040225591281025,28.72277787312885,0.0,0.1380126800134207,0.12401078235043053
Fus,0.0938616938616938,0.5358197358197359,1.0,-0.2791739488125703,-0.1639177584157828,0.0188656746214082,1.0037102255921049,0.8955345417981432,0.6564788946922943
Pycard,0.0120737972431228,0.0231509519852463,0.0788602895817827,29.413068263581987,29.70074422005533,29.90392329600456,0.0,0.8725993864434465,0.11317606477936001
Itgam,0.0796575803668327,0.52296164404117,1.0,-1.133343721147365,-0.3682009913038852,-0.0763947220790199,0.909268449232612,0.7056649522231093,0.6564788946922943
Itgax,0.0025903828378144,0.0516999549363111,0.3152856482682895,27.76295711496587,29.0984498793647,29.31835461120913,0.0,0.5747860777295015,0.1400329770935314
Rgs10,0.0059052059052059,0.0938616938616938,0.5358197358197359,0.0831491513422213,0.220089039913409,0.3496511332890295,1.30886576946695,1.5267349325150177,0.2127678282366289
Oat,0.0191546447804258,0.0980347968077632,0.6477042192622259,0.0,26.55161786332378,28.243113358633963,0.0,0.098363371424415,0.2127678282366289
Ptpre,0.0017898432786234,0.0314437345458923,0.2093912448876893,28.701971168985352,29.286212128153927,29.557508054478504,0.0,0.6546788476208045,0.12401078235043053
Ifitm2,0.0006216006216006,0.0139860139860139,0.054079254079254,-0.4805661760379301,-0.3447932136376493,-0.2222798649100073,2.2282815037033847,1.7566666198569774,0.10169468667027137
Ifitm3,0.054079254079254,0.1892773892773893,0.778865578865579,0.1044929157523701,0.4633413074156663,0.6849881770880927,1.128268498251,1.5893382300626888,0.332690534200949
Rnh1,0.0093240093240093,0.0289044289044289,0.1205905205905206,-0.5411990526774616,-0.3328055066993004,-0.1478345116930056,1.133604354760185,0.9037609771984868,0.12401078235043053
Taldo1,0.1892773892773893,0.6943278943278944,1.0,-0.1345945532497621,0.0840999841911382,0.2353504833771597,1.15997732457078,1.2272665942620749,0.7464875292855697
Rplp2,0.0938616938616938,0.3968919968919969,0.9550893550893552,-0.0685481843239769,-0.0225543010722688,0.0131750842636869,2.983005164914,2.9451583152126,0.5383665479819326
Ctsd,0.0006216006216006,0.0093240093240093,0.0938616938616938,0.4314806433263679,0.598666884500928,0.7876324407523002,1.0369725105775,1.565151776900965,0.09161650952695705
Mrpl23,0.0025903828378144,0.0240225178357029,0.2002397372160336,28.65521308299881,29.04962196847428,29.44822845213022,0.0,0.5556580038539473,0.11323263180313418
Cd81,0.04009324009324,0.1582594039122015,0.4882830430282611,-0.8414654188463097,-0.541828889209226,-0.3441661092746577,1.941571897260425,1.32823753068672,0.2954275262066144
Pet100,0.0327788695088586,0.1704181223248704,0.7603899357833063,27.34829275143696,28.348062214521683,28.95112968913688,0.0,0.3416780219892512,0.31106819925288265
Arglu1,0.0327788695088586,0.2465045573584016,0.9523456446736592,0.8911053004474513,28.889912815152485,29.219794821194565,0.0,0.4974281153853412,0.394580431332441
Irs2,0.0191546447804258,0.0980347968077632,0.6822779120978592,0.0,26.52118715014576,28.697733153114186,0.0,0.0963103249799625,0.2127678282366289
Rab20,0.1205905205905206,0.4634032634032634,1.0,-0.0368937693975649,0.1299990191918583,0.2753789946027108,0.889831854473702,0.977645205654288,0.5989669144119406
Lamp1,0.0003108003108003,0.0006216006216006,0.0289044289044289,0.1615726663178724,0.2241511183180932,0.2802488374773048,2.132046835079575,2.494842983864869,0.060361765525237115
Cln8,0.0240225178357029,0.169850315162696,0.5830440246512354,27.84413315527006,28.800404347096546,29.224132270199068,0.0,0.4675042838831017,0.31106819925288265
Ikbkb,0.0007946359005854,0.0087227998955471,0.0729980454301154,28.92766710826617,29.206960761224096,29.474655850056557,0.0,0.6196854092245807,0.09161650952695705
Adam9,0.0191546447804258,0.0449578329938776,0.2653152307346181,0.0,26.73915669341648,28.614751997648742,0.0,0.115515160274737,0.12401078235043053
Tm2d2,0.0074408008082341,0.0774514195598498,0.4143473236391428,0.0,28.034019717585085,28.895570867513545,0.0,0.27484056486285,0.18356138336073083
Tacc1,0.0687438363880664,0.4372185996250276,1.0,0.2348562708101897,28.69669870726827,29.25033918981867,0.0,0.4386607114731782,0.586223173292213
Nsd3,0.0025903828378144,0.0074408008082341,0.0449578329938776,27.86189662151124,28.9020866550907,29.354246945707317,0.0,0.5016438853156175,0.08349762270603607
Hook3,0.0074408008082341,0.0191546447804258,0.1026841156436345,0.0,28.32200758719531,29.02929804306457,0.0,0.3355628079574842,0.10169468667027137
Zfp703,0.032123288296735,0.3235367862420667,0.8616968286082338,-0.9836912551398956,-0.606743162790168,-0.2016021404748942,0.971039901817537,0.641833239950921,0.47508189801344375
Plpbp,0.0191546447804258,0.0980347968077632,0.6477042192622259,0.0,26.99633254923563,28.67666652403961,0.0,0.13387696767703,0.2127678282366289
Rab11fip1,0.0995927108704562,0.5022642955663339,1.0,-0.4828614763670015,28.74821915970899,29.204249659538835,0.0,0.4508959018167362,0.6420530639116566
Leprotl1,0.0025903828378144,0.0191546447804258,0.1332470203401324,26.57083842717998,28.228828265607063,29.001907589645054,0.0,0.3145748868144342,0.10169468667027137
Saraf,0.0383449826006377,0.3152856482682895,0.9513641829362992,26.99633254923563,28.720146329262665,29.01037839928425,0.0,0.4422069093177527,0.4671388497756029
Msr1,0.0718263311415725,0.384993546056126,0.9538159449155053,-0.1945621467472283,0.1087612605342664,1.082509653577986,0.829670712824278,0.838778033565907,0.5383665479819326
Asah1,0.0139860139860139,0.1892773892773893,0.9550893550893552,0.0196043940641257,0.1763427687913508,0.3323359066602135,1.1522414107430723,1.2965334090106748,0.332690534200949
Slc25a4,0.0025903828378144,0.0191546447804258,0.1336143679141399,27.07992263557674,28.84282054383336,29.108084871038844,0.0,0.4814532717657119,0.10169468667027137
Irf2,0.0025903828378144,0.0074408008082341,0.0449578329938776,27.506428883133907,28.63959545605241,29.140730232395278,0.0,0.4181939971013994,0.08349762270603607
Hmgb2,0.0409970611329001,0.1149197468315532,0.3837143535858314,0.1834253274947864,29.64591308693156,29.9831335295472,0.0,0.9430616649627488,0.24043061439864152
Atp6v1b2,0.0235255986784301,0.1816653005134988,0.8665112665112666,-0.0704450543404918,0.2745013357279421,29.569010758722765,0.646866624755605,0.7879665579753508,0.33037658242556184
Ndufa13,0.151981351981352,0.4634032634032634,0.9550893550893552,0.0275748280496876,0.2661241820050349,0.43528722865553,0.9850565127760644,1.18300955775409,0.5989669144119406
Uba52,0.0558165433250215,0.2094823757163304,0.5958830905651777,0.236017862199249,15.467297134087936,29.746654878814912,0.127188559994709,0.8213232033560804,0.3575865964042805
Fkbp8,0.0074408008082341,0.0516999549363111,0.3343475784622092,0.0,27.453782932250025,28.81090209699291,0.0,0.183828208455768,0.1400329770935314
Lrrc25,0.2628903364198475,0.6778471254686949,1.0,-1.4972517519193589,-0.410225473378464,28.361157153725816,0.6756441297849809,0.4965799763761193,0.7464875292855697
Jund,0.1205905205905206,0.6943278943278944,1.0,-0.2022942656759648,-0.0557807057655373,0.1378249124697624,1.877223501905625,1.7960170093115688,0.7464875292855697
Ifi30,0.04009324009324,0.151981351981352,0.5358197358197359,0.1096382122284639,0.234535358988185,0.345668575457989,1.893877097382295,2.233717701388401,0.28397650914207206
Rpl18a,0.0289044289044289,0.2318570318570318,0.6943278943278944,0.0417330722497963,0.0940718787040983,0.1269752484991545,2.859627221137675,3.05543349531985,0.3822350900815007
Use1,0.0074408008082341,0.0449578329938776,0.3276591796761856,0.0,27.95908488183669,29.018576408033155,0.0,0.2609295102263534,0.12401078235043053
Ocel1,0.0191546447804258,0.0449578329938776,0.203551256135826,0.0,26.79084575319095,28.25145474051927,0.0,0.1161042659824252,0.12401078235043053
Bst2,0.0010130446880794,0.0010130446880794,0.0041476751667831,29.85247016928985,29.97444075805357,30.123948840862603,0.0,1.0548865888313437,0.06475957094536
Pgls,0.0327788695088586,0.3096559030458566,1.0,-0.1758114983455528,29.07734550072585,29.291164354202905,0.0,0.567503575351231,0.4640139670072586
Tpm4,0.0175710667676868,0.1828417017123981,0.4634032634032634,-0.7886662169363459,-0.5417189575490559,-0.311036726406824,1.09861228866811,0.7515356004268998,0.3315999640789589
Fam32a,0.0007946359005854,0.0074408008082341,0.1026841156436345,28.098289835817173,28.96991701901438,29.331969693413555,0.0,0.525792024002304,0.08349762270603607
Sin3b,0.0026540293594823,0.0240225178357029,0.1753258176208659,1.329376804392008,29.40084692621698,29.60862877986832,0.0,0.7098976926587286,0.11323263180313418
Smarca5,0.0205128205128205,0.280963480963481,0.9550893550893552,-0.4185319421267336,-0.20413276404839,0.024861729806645,0.865613033819709,0.7484349230231326,0.43115996495949876
Tbc1d9,0.0677460138406892,0.3837143535858314,1.0,-0.2666447526332777,1.0049528750125227,29.387704554876297,0.28913821811815,0.607030575573716,0.5378536893768752
Ndufb7,0.1892773892773893,0.6943278943278944,1.0,-0.1517890012210985,0.0435358221345422,0.2815881550405097,0.885671665731206,0.9079446080655268,0.7464875292855697
Tecr,0.0191546447804258,0.1704181223248704,0.5568598338696402,0.0,27.870370093718364,28.892702180342475,0.0,0.2453676970092887,0.31106819925288265
Pkn1,0.0025903828378144,0.0191546447804258,0.3013890417146279,0.0,28.35103324947861,28.885627025032463,0.0,0.3423823866043147,0.10169468667027137
Adgre5,0.0042232887177029,0.008969389134836,0.0172688724201217,-30.003084139728973,-1.4638875825184732,-0.7387082074667388,1.074882397351395,0.385102873876444,0.09161650952695705
D8Ertd738e,0.04009324009324,0.3356643356643357,0.9562121212121204,-0.2118849834887892,-0.0536980465073923,0.0639162187423413,1.135394828445005,1.10100184471347,0.4786549190881321
Ier2,0.0383449826006377,0.3013890417146279,1.0,-29.345476328261025,-2.454609915747054,27.22257005236183,0.449772813510279,0.0,0.4533460452295431
Calr,0.1205905205905206,0.5358197358197359,1.0,-0.0105138719428097,0.0927485496889198,0.1944959678821429,1.721940812937395,1.8327986224702948,0.6564788946922943
Prdx2,0.0383449826006377,0.4140017389158428,0.9513641829362992,0.0,27.464249371830075,28.87744516832483,0.0,0.1851666915721177,0.5581252111664092
Junb,0.0021756021756021,0.04009324009324,0.1892773892773893,-0.2224918205272268,-0.1476923817682733,-0.0728658748045873,3.00690010716835,2.7203270076067376,0.12401078235043053
Trir,0.0823051817327407,0.52296164404117,1.0,-1.4009769983112297,-0.3541905175546446,28.404789765304116,0.715417974684943,0.544930526854625,0.6564788946922943
Man2b1,0.0205128205128205,0.1892773892773893,0.9550893550893552,-0.0316898708409752,0.2189135251090503,0.4509084803003414,0.96698074734105,1.1330548955710429,0.332690534200949
Vps35,0.1272980462544935,0.6477042192622259,1.0,-1.9965743228503727,27.60017304360173,28.814139931290363,0.0,0.235257096715119,0.744162788273936
Dnaja2,0.0026540293594823,0.0231509519852463,0.0877831433488283,29.2264781562845,29.401986131835677,29.527021775674672,0.0,0.7094982736708058,0.11317606477936001
N4bp1,0.0142769489529344,0.0729980454301154,0.3164717878479781,1.3899350100941508,29.43463768375651,29.831973810532038,0.0,0.7341769417933757,0.1751775695315649
Snx20,0.2226536979813717,0.7260951618325295,1.0,-0.3316796852542086,-0.008244417179251,0.3784463567865771,0.715952419473755,0.7070756060036161,0.7764146965994834
Chd9,0.0074408008082341,0.0449578329938776,0.203551256135826,0.0,27.05914346200553,28.521872116821267,0.0,0.1398343396757095,0.12401078235043053
Lpcat2,0.0041476751667831,0.0101978767762402,0.0518299272179096,0.8509717619361111,29.82970330169947,29.99548381953696,0.0,0.9569522109098458,0.09921579622204137
Amfr,0.0074408008082341,0.0779787345010902,0.3343475784622092,0.0,27.930679515238825,29.032001318943912,0.0,0.2558714807801325,0.18356138336073083
Mt1,0.054079254079254,0.151981351981352,0.5358197358197359,-0.6272765068847592,-0.4280316809964984,-0.2432293306815017,2.67466086897813,1.988359690593145,0.28397650914207206
Herpud1,0.0239017976171966,0.1892773892773893,0.8617060257947797,-0.0240666262180961,0.2554328777715526,29.70528500893237,0.748268587042754,0.8907019890301782,0.332690534200949
Cmtm3,0.0074408008082341,0.0383449826006377,0.1905179717373536,26.290011306698624,28.318021463294286,29.12799874928506,0.0,0.3346369374663442,0.12401078235043053
Ciao2b,0.0074408008082341,0.0449578329938776,0.3343475784622092,0.0,27.45333508340596,28.710432036120228,0.0,0.1837711524100517,0.12401078235043053
Atp6v0d1,0.0226494771588016,0.1909003164024001,0.6854177649820516,-2.5852629820759057,-0.8179818062534273,-0.2285318932028462,0.8059247346168315,0.4537483958057477,0.3330637145713253
Psmb10,0.00340809957091,0.0231509519852463,0.1116117682982922,29.22764471210991,29.548369945107257,29.667919175836083,0.0,0.785137569195556,0.11317606477936001
Nfat5,0.0830811869664738,0.4436570559117131,1.0,-1.0785956762861713,28.60365532814214,29.50189852861156,0.0,0.554759518511376,0.5932448784195216
Psmd7,0.0074408008082341,0.0449578329938776,0.2420922406786399,0.0,28.306826396032378,28.96419022069172,0.0,0.3320502610070392,0.12401078235043053
Zfhx3,0.140574843541775,0.6562716878130562,1.0,-0.5422764413509253,0.2660233566746069,29.101389356178032,0.449772813510279,0.4928930630762895,0.7464875292855697
Ist1,0.0921234027497218,0.5370881573577909,1.0,-0.7108388083531896,0.0007015098971709,29.434566734018777,0.652576892301071,0.653063169128077,0.6576249911851438
Glg1,0.0074408008082341,0.0687438363880664,0.4140017389158428,0.0,26.99633254923563,28.834505494196826,0.0,0.13387696767703,0.17077871303953604
Cfdp1,0.0074408008082341,0.0191546447804258,0.0980347968077632,0.0,28.159113382141136,28.785897832071257,0.0,0.2997352204984325,0.10169468667027137
Gabarapl2,0.0383449826006377,0.2002397372160336,0.677416329045168,26.929611965925247,28.5702494755254,29.039492876601432,0.0,0.3985676762867367,0.3469065622821635
Maf,0.0074408008082341,0.0191546447804258,0.3155906991183674,0.0,28.226688045562536,29.224295257958225,0.0,0.3141085648807042,0.10169468667027137
Cmip,0.0025903828378144,0.0087227998955471,0.1482588921686275,27.03912826522989,28.750012660278863,29.27429931428052,0.0,0.4514567860678214,0.09161650952695705
Hsbp1,0.004214831119272,0.0235255986784301,0.1989589310924021,0.2146866829841614,0.7867668996015477,29.641718000824103,0.449772813510279,0.7780137451780096,0.11323263180313418
Cotl1,0.1205905205905206,0.6943278943278944,1.0,-0.0581142147693797,0.0556982860137129,0.1711785418563121,1.360493980000215,1.40654830080084,0.7464875292855697
Cox4i1,0.04009324009324,0.2318570318570318,0.6125874125874127,0.011149023291608,0.0691382105560653,0.1285053217416751,2.10951533656085,2.21129737435984,0.3822350900815007
Irf8,0.0003108003108003,0.0021756021756021,0.04009324009324,0.3614117471808757,0.5509976208548899,0.7879589624596285,0.922287411652135,1.338034879552455,0.06475957094536
Map1lc3b,0.1205905205905206,0.3968919968919969,0.9550893550893552,-0.3177972713376698,-0.1010431625978826,0.1160654337919363,1.15526310668845,1.0690567680794625,0.5383665479819326
Cyba,0.0012432012432012,0.0059052059052059,0.0721056721056721,0.1308597397461561,0.1901551033850234,0.2323002166284081,2.32976065074274,2.6519289879071923,0.08349762270603607
Aprt,0.0003108003108003,0.0003108003108003,0.0031399928189788,-1.5727642932549153,-0.9139267073773234,-0.6329197454655865,1.2505492081414151,0.6702408572882197,0.055802783075508414
Trappc2l,0.0327788695088586,0.2465045573584016,0.7603899357833063,26.55161786332378,28.346179017484346,29.02306376947156,0.0,0.3412323094520742,0.394580431332441
Ankrd11,0.0289044289044289,0.280963480963481,0.9550893550893552,-0.3516258913163872,-0.1893080765391451,-0.0095946962336145,1.20134656111383,1.0514804411852987,0.43115996495949876
Rpl13,0.1205905205905206,0.4634032634032634,0.9550893550893552,-0.1016950002139457,-0.0363990993435954,0.0315668996217384,3.52086846460097,3.4407490481582124,0.5989669144119406
Tcf25,0.3235367862420667,0.778865578865579,1.0,-0.5795313782950613,-0.0640151827005353,0.2040916731654035,0.8066628124577995,0.765633110704136,0.7860293910370559
Ntpcr,0.0074408008082341,0.0191546447804258,0.1026841156436345,26.15182089383776,28.2075666333988,29.07545133140872,0.0,0.3099728525443135,0.10169468667027137
Irf2bp2,0.04009324009324,0.3968919968919969,0.9562121212121204,-0.1076500521210306,0.1057604510736729,0.3136245770334268,1.07707409098865,1.1774380157109974,0.5383665479819326
Tomm20,0.2307925407925408,0.6943278943278944,1.0,-0.2491043867044662,-0.0307816445198561,0.1264507379687642,1.49278393904348,1.4522563217837514,0.7464875292855697
Itgb1,0.1205905205905206,0.6943278943278944,1.0,-0.1954141339588314,-0.037738476315851,0.0791941322385979,1.12819780843657,1.109058960098385,0.7464875292855697
Dcun1d5,0.0074408008082341,0.0583453023368575,0.3343475784622092,0.0,28.23487610261097,29.150838284339525,0.0,0.3158963656060205,0.1479229423816349
Tmem123,0.2797358197358198,0.778865578865579,1.0,-0.1305563016172822,0.0288567237092417,0.1814034555696243,0.9786702008097916,0.9881187844021064,0.7860293910370559
Birc2,0.0074408008082341,0.0191546447804258,0.0449578329938776,27.240919726767235,28.76035980079447,29.170514266316385,0.0,0.4547106351640702,0.10169468667027137
Birc3,0.1027187916661282,0.4027836942464756,0.768278203545834,-0.7058902458827958,0.9535561193105456,29.461668011936133,0.2778030946596485,0.5158344955182192,0.5452349528010894
Cwc15,0.0391701660299839,0.376759117811582,0.9562121212121204,-0.4472875025246634,1.302151831323121,29.32190100462369,0.2465887508001945,0.6013809414445841,0.5322598409712979
Taf1d,0.0231509519852463,0.1606596780277105,0.6694111706224701,26.929611965925247,28.479840509134647,29.224082966400847,0.0,0.3743572633556772,0.29877859143571395
Ubl5,0.151981351981352,0.6943278943278944,1.0,-0.1460309687608907,-0.0236552972581773,0.0578265021032199,1.45431687937322,1.42947224849804,0.7464875292855697
Cdc37,0.0025903828378144,0.0995927108704562,0.5575144386391795,27.7178889292318,28.63450678133451,29.11630645834106,0.0,0.4167210619729987,0.21473319210606004
Ldlr,0.0516999549363111,0.4513629851407167,0.9499559814709728,0.0,27.391785962940357,29.05115964852035,0.0,0.1760958848672835,0.5989669144119406
Acp5,0.0013213216663899,0.0042232887177029,0.0227796928098559,30.322343170332903,30.57186566575825,30.81446277159152,0.0,1.5965959945150312,0.08177446291630616
Sept7,0.1475667871662702,0.6851773174958848,1.0,-0.3743217223578257,-0.1409757431231715,0.151130194019443,0.7706304711964768,0.6936363802023063,0.7464875292855697
Aplp2,0.0798387196458526,0.5568598338696402,1.0,-29.023229681484764,-0.7623768491924556,28.79535870166068,0.6101092248280355,0.339837175628359,0.6801472924505501
Hspa8,0.0938616938616938,0.3968919968919969,0.8665112665112666,-0.0020099166560304,0.1074347445569522,0.2364038687777255,2.213092582837195,2.38982105919253,0.5383665479819326
Sorl1,0.0583453023368575,0.5139035497128566,1.0,0.0,28.380834474694478,28.8766994388438,0.0,0.3498682070539277,0.6527070808250107
Cbl,0.0125222247240691,0.0553192420704978,0.2971897434333751,0.1878911152296337,0.4603282693046508,29.670951102527663,0.61417116711111,0.8422878242548919,0.14413445348039086
Rps25,0.2318570318570318,0.778865578865579,1.0,-0.0162765887369025,0.0223490822699666,0.0625496938793594,2.595725713134015,2.6326527917199103,0.7860293910370559
Ddx6,0.0093240093240093,0.1048818005561559,0.5624846616632901,-0.5208928938824554,-0.3062097786200131,-0.1103159401319461,1.13826261699613,0.9227837634694812,0.2217789679854474
Kmt2a,0.0074408008082341,0.0449578329938776,0.0980347968077632,0.0,27.34829275143696,28.669225760414527,0.0,0.1708663120687835,0.12401078235043053
Atp5l,0.0059052059052059,0.054079254079254,0.280963480963481,0.1132386200359607,0.2087245584481835,0.2782896663116288,1.72966361801712,1.9976554683704928,0.14240870240870218
Il10ra,0.0074408008082341,0.0191546447804258,0.0980347968077632,0.0,28.243352385079877,29.06441024731556,0.0,0.3177578835068606,0.10169468667027137
Sidt2,0.0191546447804258,0.0449578329938776,0.203551256135826,0.0,26.929611965925247,28.41792065102195,0.0,0.1278265212545065,0.12401078235043053
Cadm1,0.0025903828378144,0.0191546447804258,0.0449578329938776,27.391785962940357,28.584563816559047,29.19683290353541,0.0,0.4025419264533275,0.10169468667027137
Rexo2,0.0025903828378144,0.0191546447804258,0.0980347968077632,0.0,28.632761746334683,29.053815278854497,0.0,0.4162173150252227,0.10169468667027137
Rbm7,0.00340809957091,0.0168274094827568,0.0874803339251971,29.223490267066943,29.566164565134944,29.73753220850297,0.0,0.7948815016945323,0.10169468667027137
Sdhd,0.0191546447804258,0.0449578329938776,0.3013890417146279,0.0,27.925954901021537,28.88878699224689,0.0,0.25500581331225,0.12401078235043053
Timm8b,0.0025832477718168,0.0202223810889232,0.1679303295400057,28.463221856395627,29.089960546163447,29.39819906448702,0.0,0.5714137628910306,0.10361335169519305
Psma4,0.0060562738692192,0.0421649312533629,0.2561796261420456,0.2705045890704849,29.40971730187737,29.686922554975443,0.0,0.7278774998989248,0.12401078235043053
Cox5a,0.0006216006216006,0.0289044289044289,0.2318570318570318,0.1977767716997342,0.2864347341572701,0.3855160995009834,1.37268770017937,1.67864901974038,0.12401078235043053
Scamp2,0.0123932749910412,0.1272980462544935,0.6477042192622259,27.425132657431224,28.84983602334436,29.204842299687297,0.0,0.483968085586497,0.2557615883546538
Nptn,0.1442849482396889,0.6799884022342944,1.0,-0.3833845579742811,-0.0342816394213128,29.351409055516207,0.704524164182202,0.6778091419395482,0.7464875292855697
Arih1,0.2467376368078808,0.768278203545834,1.0,-1.0793526093712973,-0.1647308701169005,29.220841488075617,0.6454932326351782,0.5827182693662865,0.7860293910370559
Hexa,0.3342968142968144,0.778865578865579,1.0,-0.1474693171138674,0.0303218962665855,0.1982284344135398,1.24575386349028,1.2654120535875977,0.7860293910370559
Pkm,0.054079254079254,0.3356643356643357,0.8665112665112666,0.0516941471603267,0.1940310571765451,0.3283148457355305,1.0592219897747,1.2329202868498674,0.4786549190881321
Rplp1,0.151981351981352,0.6943278943278944,1.0,-0.0149968233554495,0.0154857266941568,0.049817882026039,3.625785254713385,3.6635160297089824,0.7464875292855697
Anp32a,0.0191546447804258,0.0980347968077632,0.4140017389158428,0.0,27.413540666014416,28.81408682379717,0.0,0.1787713934868845,0.2127678282366289
Rpl4,0.0139860139860139,0.1892773892773893,0.8665112665112666,-0.005341334601767,0.0738821840190577,0.1581062880370566,1.9697705634872,2.0611556406796927,0.332690534200949
Rab11a,0.0025903828378144,0.0280438836937886,0.1479409233004462,27.95779049980389,28.84282054383336,29.24008014685418,0.0,0.4814532717657119,0.12401078235043053
Dennd4a,0.0938616938616938,0.5358197358197359,1.0,-0.4473382132127399,-0.1105747442403936,0.1166079050254691,1.0166997503101949,0.9583939423069712,0.6564788946922943
Spg21,0.0191546447804258,0.0980347968077632,0.6791567288705544,0.0,26.52118715014576,28.273938915170127,0.0,0.0963103249799625,0.2127678282366289
Plekho2,0.0289044289044289,0.20261353134705,0.6943278943278944,0.0171549909621989,0.2079710267757391,0.4388088528954273,0.916350736074467,1.0569202121381165,0.35071141490834684
Ppib,0.0938616938616938,0.6125874125874127,1.0,-0.1156464702888042,0.0387169042593612,0.1960950083306208,1.308929879493245,1.3482203093731724,0.7121013183402826
Rab8b,0.0721056721056721,0.3968919968919969,0.9550893550893552,-0.320766768226304,-0.1460092662868776,0.0630697491498088,1.22875511393381,1.1009115818864648,0.5383665479819326
Rps27l,0.1205905205905206,0.6125874125874127,1.0,-0.1806809564373128,-0.0153632942112726,0.1331039728015184,1.41258443628059,1.406555807433995,0.7121013183402826
Vps13c,0.0074408008082341,0.0191546447804258,0.0980347968077632,0.0,28.23389253881908,28.87105612178368,0.0,0.3156810752421898,0.10169468667027137
Anxa2,0.1295850583242484,0.2671089012521132,0.4513629851407167,-29.713256658497333,-29.59792920699433,-29.3998582049778,0.812576952953182,0.0,0.42161909045382645
Bnip2,0.0025903828378144,0.0235867349104746,0.131992914548616,28.50212005375788,29.131237895452465,29.448540400107387,0.0,0.5879987686648015,0.11323263180313418
Gtf2a2,0.0074408008082341,0.0449578329938776,0.2414967793951539,0.0,26.929611965925247,28.571143426547028,0.0,0.1278265212545065,0.12401078235043053
Sltm,0.0191546447804258,0.2414967793951539,0.7855521395327878,0.0,28.114067994908453,29.105325393078434,0.0,0.290521157026401,0.3915896053410747
Adam10,0.0074408008082341,0.0191546447804258,0.1026841156436345,26.15182089383776,28.61142792323608,29.16439374816549,0.0,0.4101077936081012,0.10169468667027137
Arpp19,0.0440870312584946,0.3096559030458566,0.9048611294504482,-0.497953568667049,0.481798784904852,29.46605438871174,0.483926545356907,0.6182827709129795,0.4640139670072586
Myo5a,0.0074408008082341,0.1026841156436345,0.5039104645747324,26.67970145114417,28.447894126195585,29.09719879976792,0.0,0.3661587731462062,0.21740125505722482
Mapk6,0.128693541065948,0.6012221988088494,1.0,-0.666583981096738,-0.020775375151537,0.5643868774633781,0.6803558598975075,0.6547275831423959,0.7121013183402826
Tmod3,0.0074408008082341,0.1026841156436345,0.6477042192622259,0.0,28.46077105393381,29.064444188557008,0.0,0.3694415909299455,0.21740125505722482
Eef1a1,0.0021756021756021,0.054079254079254,0.4634032634032634,0.0105357329415579,0.0387308259007374,0.0629479480995778,3.71032546146964,3.81385199629098,0.14240870240870218
Cox7a2,0.0139860139860139,0.0721056721056721,0.3968919968919969,0.092131231371437,0.2065214669724158,0.2904718742991304,1.1481029026280751,1.3214076900881175,0.17345761560134276
Tmem30a,0.0025903828378144,0.0191546447804258,0.1479409233004462,26.52118715014576,28.6325468354672,29.20611668424868,0.0,0.4161553178880462,0.10169468667027137
Senp6,0.0191546447804258,0.0583453023368575,0.3343475784622092,0.0,26.929611965925247,28.632900616250947,0.0,0.1278265212545065,0.1479229423816349
Syncrip,0.0205128205128205,0.280963480963481,0.9536916548852497,-0.887082327748656,-0.399269866609808,-0.0723063955969696,0.752448598418979,0.580375757256808,0.43115996495949876
Bcl2a1d,0.1407135248526926,0.6851773174958848,1.0,-0.670623701423374,-0.0539684412032717,29.40626943908564,0.7060420357201,0.648072397799224,0.7464875292855697
Bcl2a1a,0.0014457807008947,0.0127611587574058,0.0930450589520381,0.2976524152951385,0.538954127633945,0.742033782184517,0.83883037572134,1.22092796441143,0.10169468667027137
Bcl2a1b,0.0721056721056721,0.3968919968919969,0.9550893550893552,-0.0316926788074057,0.1477288861509895,0.284308863601741,1.61910760905206,1.7867332794853177,0.5383665479819326
Tmed3,0.0025903828378144,0.0074408008082341,0.0583453023368575,28.784787187967613,29.18832478512606,29.416747796705764,0.0,0.61173211768101,0.08349762270603607
Ctsh,0.0093240093240093,0.151981351981352,0.5358197358197359,0.0571986968149454,0.1181965548813438,0.179404993302714,1.74059261898397,1.8879928507052317,0.28397650914207206
Morf4l1,0.3342968142968144,0.778865578865579,1.0,-0.1077915094058351,-0.0084282592594941,0.0969503391842946,1.5333423364021326,1.522655553552585,0.7860293910370559
U2surp,0.0202223810889232,0.2002397372160336,0.7603899357833063,27.95779049980389,29.026721771938615,29.22384051978169,0.0,0.546907562023141,0.3469065622821635
Atp1b3,0.2318570318570318,0.6943278943278944,1.0,-0.0785585598881179,0.0941307720124771,0.2077091315370797,1.12394961111809,1.2097073254259452,0.7464875292855697
Rnf7,0.1332470203401324,0.4727139227350589,1.0,0.0,27.464249371830075,28.98477490617965,0.0,0.1851666915721177,0.6062402580530788
Anapc13,0.0025903828378144,0.0191546447804258,0.2002397372160336,27.65946208702096,28.75850406004216,29.207379219206,0.0,0.4541218009877715,0.10169468667027137
Trf,0.0059052059052059,0.1205905205905206,0.4634032634032634,-0.4512725965531876,-0.2998053436335117,-0.1616686899371887,1.68558462127767,1.353436544034895,0.2447752088039858
Cdv3,0.054079254079254,0.3356643356643357,0.9550893550893552,-0.3811619474806073,-0.1860852879101649,0.0221908035339698,0.917342019798568,0.8105447106406538,0.4786549190881321
Rpl29,0.0874803339251971,0.3235367862420667,0.768278203545834,-0.2355300250237749,0.2945668867853865,29.528524344311435,0.570210611522861,0.6863830855262263,0.47508189801344375
Manf,0.0823051817327407,0.5624846616632901,1.0,-0.402095065534471,-0.1442695418540583,0.1005390008344445,0.932772017348123,0.8442282014697287,0.6836352041753834
Gnai2,0.04009324009324,0.280963480963481,0.9550893550893552,-0.0207002492614233,0.0731785777851989,0.1628192022432962,1.90229471424047,2.00774934865466,0.43115996495949876
Rhoa,0.0537296037296037,0.1892773892773893,0.4634032634032634,-0.2723761586330347,-0.1797366524541309,-0.0842755222206003,1.66182985602044,1.47043104423786,0.332690534200949
Gpx1,0.1205905205905206,0.6125874125874127,1.0,-0.028995411938793,0.123916628122011,0.2236345823486422,1.877223501905625,2.053902846529782,0.7121013183402826
Arih2,0.0025903828378144,0.05582929463924,0.452635517901356,28.424803885154837,28.991872814203877,29.22442035353906,0.0,0.5338550394910124,0.14413445348039086
Uqcrc1,0.0191546447804258,0.0449578329938776,0.0980347968077632,0.0,26.379595118679337,28.052863765623847,0.0,0.0873070670954787,0.12401078235043053
Shisa5,0.1828417017123981,0.6022000059254968,1.0,-0.2724969713531745,0.0647523288684889,0.3542692492266597,0.737324557689746,0.765302980583499,0.7121013183402826
Tma7,0.280963480963481,0.778865578865579,1.0,-0.1613536187822395,0.0276538752317021,0.1584383805742553,1.178335364419615,1.20557698282363,0.7860293910370559
Ccdc12,0.0516999549363111,0.4278251278478543,0.9513641829362992,28.489222870052863,29.021596824387395,29.21428829182409,0.0,0.544968205468918,0.5747990663261988
Ccrl2,0.0026540293594823,0.0038849847804668,0.0086031545339284,1.4056338388113434,30.493133430597503,30.716282603101977,0.0,1.5402500571563276,0.07910149424146319
Pdcd6ip,0.0676508407273606,0.3158787180581338,0.953011395422729,-0.5402351805519193,28.813959348139004,29.39957928041431,0.0,0.5729085657830892,0.4671388497756029
Clasp2,0.0191546447804258,0.0449578329938776,0.203551256135826,0.0,26.79084575319095,28.933017661606453,0.0,0.1161042659824252,0.12401078235043053
Cmtm6,0.0779787345010902,0.2414967793951539,0.8904027809514472,0.0,26.982085493799172,28.62333744859989,0.0,0.1325613981214102,0.3915896053410747
Cmtm7,0.0025903828378144,0.0191546447804258,0.0980347968077632,0.0,28.37100363467038,28.8766994388438,0.0,0.3471547631270495,0.10169468667027137
Rps27rt,0.0687438363880664,0.1704181223248704,0.5039104645747324,0.0,28.238284500450817,28.901385146892,0.0,0.3166435598010172,0.31106819925288265
Tgfbr2,0.1407135248526926,0.6827510662271137,1.0,-1.215665514871254,-0.1318208222620191,29.26351073207254,0.596872764084435,0.5173376702571375,0.7464875292855697
Cmc1,0.0191546447804258,0.0449578329938776,0.2414967793951539,0.0,27.89724455926686,28.91440998469896,0.0,0.2499812336594552,0.12401078235043053
Itga9,0.0074408008082341,0.0687438363880664,0.3343475784622092,0.0,27.995075114994773,28.969869308983824,0.0,0.2675206671753463,0.17077871303953604
Acaa1a,0.0074408008082341,0.0449578329938776,0.203551256135826,0.0,26.67970145114417,28.647438027108432,0.0,0.107495530695156,0.12401078235043053
Cx3cr1,0.0022858136860445,0.0087227998955471,0.0280438836937886,29.305778508792567,30.050833267674307,30.388378794855143,0.0,1.1122497095668245,0.09161650952695705
Csrnp1,0.3837143535858314,0.768278203545834,1.0,-1.5235286081566524,28.570167642176067,29.132102391142112,0.0,0.491633609506794,0.7860293910370559
Rpsa,0.151981351981352,0.4634032634032634,0.9562121212121204,-0.1045391630981284,-0.0475008520817919,0.0284979047120282,2.78974653759497,2.6888231560169524,0.5989669144119406
Eif1b,0.0779787345010902,0.6477042192622259,1.0,0.0,26.941726820039644,28.67483834884048,0.0,0.1289044482945405,0.744162788273936
Rpl14,0.151981351981352,0.3968919968919969,0.9550893550893552,-0.1408017813178653,-0.0818354509796359,-0.0153252187462202,2.28583786388265,2.16038185738635,0.5383665479819326
Ctnnb1,0.0156942952060345,0.1753258176208659,0.6757058487030954,-0.149664146752367,29.12587240561811,29.34411564277113,0.0,0.5970432497604128,0.31973083084137593
Nktr,0.1168971876059197,0.4634032634032634,1.0,-0.3339080802450951,-0.1379603745936765,0.0793156167716397,0.858108776491419,0.789951819598044,0.5989669144119406
Higd1a,0.0191546447804258,0.0980347968077632,0.5039104645747324,0.0,26.79084575319095,28.45057609882382,0.0,0.1161042659824252,0.2127678282366289
Lars2,0.1407135248526926,0.6757058487030954,1.0,-1.038199986830642,0.5486676746702542,29.205242112925227,0.2936056735883532,0.481715322430099,0.7464875292855697
Lztfl1,0.0191546447804258,0.0449578329938776,0.203551256135826,0.0,27.040225591281025,28.605584677086963,0.0,0.1380126800134207,0.12401078235043053
Ccr1,0.0289044289044289,0.0721056721056721,0.2318570318570318,-0.8188499624663085,-0.6217839215582144,-0.3513176091427051,1.3880800758195648,0.9035243554308872,0.17345761560134276
Ccr5,0.0471253041839123,0.1816653005134988,0.6827510662271137,0.0042714963960614,0.414451225260156,0.7455375204590812,0.7410284705439181,0.966440749392768,0.33037658242556184
Tab2,0.0060562738692192,0.0327788695088586,0.2094823757163304,1.2163896036294335,29.270988131903223,29.4726672253594,0.0,0.6520808287887816,0.12401078235043053
Sash1,0.0025903828378144,0.0191546447804258,0.1332470203401324,27.45333508340596,28.922972890872785,29.215977068363195,0.0,0.5089585366353737,0.10169468667027137
Sf3b5,0.0007946359005854,0.0101774423782037,0.1517231345448071,28.48273587140136,28.970423649409543,29.233578389453097,0.0,0.525976698512142,0.09921579622204137
Fuca2,0.0074408008082341,0.0449578329938776,0.2653152307346181,0.0,26.99633254923563,28.52466710204168,0.0,0.13387696767703,0.12401078235043053
Aig1,0.0074408008082341,0.0191546447804258,0.0980347968077632,0.0,27.8765286454374,28.889912815152485,0.0,0.2464190405397211,0.10169468667027137
Abracl,0.0721056721056721,0.4634032634032634,1.0,-0.2236813979185889,-0.0639457917306164,0.109637230096875,1.13667916859194,1.0929924391355488,0.5989669144119406
Tnfaip3,0.0030599755224886,0.0127611587574058,0.0725931484850583,0.5908209911878053,0.901329108841002,30.310877920176168,0.710062896975943,1.328325026129125,0.10169468667027137
Ifngr1,0.3968919968919969,0.778865578865579,1.0,-0.2701427739238035,-0.016743317714312,0.2339456296350948,0.8689180037320825,0.8733311069484122,0.7860293910370559
Bclaf1,0.0123932749910412,0.1514939924042201,0.8506523285821779,27.038756003981124,28.748482135932555,29.29964445446933,0.0,0.4536047302556893,0.28397650914207206
Sgk1,0.0042232887177029,0.0227796928098559,0.1149197468315532,29.34905955315556,29.66329070246384,30.09338190439857,0.0,0.8502375299126828,0.11317606477936001
Rps12,0.2318570318570318,0.778865578865579,1.0,-0.0408939570380101,-0.0058595586818502,0.0297577326038099,3.45984155041754,3.440901121745611,0.7860293910370559
Stx7,0.0292392382560989,0.2094823757163304,0.7683598147961201,-0.2875594399179582,28.91064015230937,29.47341625614273,0.0,0.540653486486842,0.3575865964042805
Epb41l2,0.0721056721056721,0.4634032634032634,1.0,-0.3111431861245202,-0.1190306115484572,0.0419250304922835,1.18226413646967,1.086348623731434,0.5989669144119406
Rwdd1,0.0074408008082341,0.1026841156436345,0.3013890417146279,0.0,28.26991520061732,29.15707613833393,0.0,0.3236625481314775,0.21740125505722482
Calhm6,0.0191546447804258,0.0449578329938776,0.203551256135826,0.0,27.330472999368396,28.847618617928497,0.0,0.1687688013565082,0.12401078235043053
Marcks,0.3356643356643357,0.778865578865579,1.0,-0.2738001599743163,-0.0164949355510817,0.1716965335814696,1.87221932848783,1.8564083630293724,0.7860293910370559
Cd164,0.1205905205905206,0.6125874125874127,1.0,-0.0891938747320401,0.097551110893384,0.3180813045727722,1.16218995837136,1.2155386708516152,0.7121013183402826
Snx3,0.2467376368078808,0.778865578865579,1.0,-0.3463903915882426,-0.2120157376775087,-0.0263218458808554,1.081053132889605,0.924622108414252,0.7860293910370559
Prdm1,0.1351662724159878,0.4027836942464756,0.8596837951986661,-0.2047474369795519,29.15675924294289,29.59196352108849,0.0,0.6877223669770449,0.5452349528010894
Lilr4b,0.1892773892773893,0.6943278943278944,1.0,-0.3830036263957911,-0.1194965976164088,0.1199414871527549,1.0437260086604625,0.9709364604377336,0.7464875292855697
Lilrb4a,0.1205905205905206,0.3968919968919969,0.9550893550893552,-0.3122654549036222,-0.1300563485898457,0.0443341830162259,1.37235788648286,1.2591869357219974,0.5383665479819326
Nus1,0.0172962794541058,0.0779787345010902,0.5022642955663339,26.379595118679337,27.95779049980389,29.02623029375476,0.0,0.260695509972604,0.18356138336073083
Man1a,0.0205128205128205,0.0938616938616938,0.3356643356643357,-0.7887870393277435,-0.4307486416044861,-0.2459370813152082,1.068606474955485,0.8039089775602697,0.2127678282366289
Serinc1,0.3248386127491286,0.7715426535572856,1.0,-0.1721664322364234,0.004920465590319,0.2213560788794176,0.785674991818561,0.7914766036839218,0.7860293910370559
Smpdl3a,0.0025903828378144,0.0143763260422726,0.0449578329938776,28.38223633431752,29.252791986831344,29.63023261702296,0.0,0.6396874704435987,0.10169468667027137
Ranbp2,0.0702942294187667,0.3209116751597887,0.9536916548852497,-0.2351994167581788,0.2650775254067993,29.553272607360743,0.613063866665722,0.7100475012456959,0.4729854913735692
Sowahc,0.0074408008082341,0.0583453023368575,0.5568598338696402,0.0,28.60503114361004,29.128210141412865,0.0,0.408293437970969,0.1479229423816349
Psap,0.1892773892773893,0.6943278943278944,1.0,-0.0451060850387194,0.0370379880980338,0.0972967677401168,3.2600135001558748,3.35568358978908,0.7464875292855697
Vsir,0.0518299272179096,0.2094823757163304,0.6325851216960414,-0.1608009595443563,29.3666724043481,29.963270774745407,0.0,0.7806763231686192,0.3575865964042805
Slc29a3,0.0025903828378144,0.0191546447804258,0.2997853409038892,27.700662500438423,28.870604054034136,29.299078487042035,0.0,0.4908149835074682,0.10169468667027137
Sgpl1,0.2463656216841096,0.6943278943278944,1.0,-0.3844193047957273,-0.0972272630155467,0.0459250708449488,0.903931389427313,0.847541920324892,0.7464875292855697
Sar1a,0.0518299272179096,0.5109393498748492,1.0,-0.5818335756289487,28.80236992175396,29.04243201103468,0.0,0.4974281153853412,0.6497779884113505
Vps26a,0.0191546447804258,0.3013890417146279,1.0,0.0,26.52118715014576,28.443034996139065,0.0,0.0963103249799625,0.4533460452295431
Srgn,0.0093240093240093,0.1205905205905206,0.6943278943278944,-0.1369083918366422,-0.0601167685148911,0.0135817386951352,2.84523732858458,2.7252554742808126,0.2447752088039858
Ddx21,0.2159249389401403,0.6799884022342944,1.0,-1.812515078818756,-0.4949488772982739,28.26041610871924,0.672612449847009,0.455366526066604,0.7464875292855697
Ccar1,0.0191546447804258,0.1905179717373536,0.6793255216523519,0.0,27.07992263557674,28.71117928153244,0.0,0.1418629512640352,0.332690534200949
Reep3,0.1885934421817633,0.7650871933583798,1.0,-1.2010919751750548,-0.0250040751072882,29.13512500027393,0.515808128013876,0.465405898731615,0.7860293910370559
Jmjd1c,0.1892773892773893,0.6943278943278944,1.0,-0.4991208148186113,-0.179180496745257,0.1502670636880613,0.92398846296024,0.820692924504732,0.7464875292855697
Specc1l,0.0012432012432012,0.0175710667676868,0.0721056721056721,-1.070404500278891,-0.727637876429203,-0.4172121528613779,1.05854549336426,0.6311150334627615,0.10169468667027137
Snrpd3,0.0074408008082341,0.1272980462544935,0.4727139227350589,27.93368886431517,28.58462307537992,29.11116930872823,0.0,0.4025584612366392,0.2557615883546538
Ddt,0.0449578329938776,0.0449578329938776,0.203551256135826,0.0,26.57083842717998,27.981942463697067,0.0,0.0996826034641167,0.12401078235043053
Mif,0.0938616938616938,0.3356643356643357,0.8665112665112666,0.2252032656643325,0.4845631634051223,0.6726316306879166,0.833520031057687,1.162124967043954,0.4786549190881321
Itgb2,0.280963480963481,0.6943278943278944,1.0,-0.2614297275013353,-0.0086957244395683,0.2060894447052746,0.9895809144183294,0.9904691629176892,0.7464875292855697
Pttg1ip,0.0025903828378144,0.0687438363880664,0.4140017389158428,0.0,27.94897749225841,28.981226822724675,0.0,0.2591078505640647,0.17077871303953604
Rrp1,0.0516999549363111,0.2671089012521132,0.6793255216523519,0.0,28.06490913409332,29.087619612052464,0.0,0.2807886012369415,0.42161909045382645
Cstb,0.0205128205128205,0.2318570318570318,0.7810567210567192,-0.3098388789630585,-0.1799881026087544,-0.041925987320706,2.1575184188198,1.9059172869427476,0.3822350900815007
Bsg,0.0205128205128205,0.151981351981352,0.6146309246309228,0.0451987696870117,0.1846204921326097,0.3453507376502101,0.9088819023372244,1.0358115507699874,0.28397650914207206
Ptbp1,0.0449578329938776,0.3013890417146279,0.8904027809514472,0.0,26.941726820039644,28.65244493091757,0.0,0.1289044482945405,0.4533460452295431
Gpx4,0.0021756021756021,0.054079254079254,0.280963480963481,-0.3034757756770291,-0.1989425247763732,-0.1031786330641452,1.34444967517707,1.172952754379525,0.14240870240870218
Sbno2,0.0074408008082341,0.1606596780277105,0.953011395422729,-0.3202278455705008,28.93225254768096,29.226680701873537,0.0,0.525286949614785,0.29877859143571395
Atp5d,0.2318570318570318,0.778865578865579,1.0,-0.1972096299415807,0.0298096788093708,0.2270050368865035,1.18557105883168,1.1957824794968,0.7860293910370559
Ndufs7,0.0025903828378144,0.0191546447804258,0.0449578329938776,27.040225591281025,28.782303086789376,29.22718144441697,0.0,0.4616752281448982,0.10169468667027137
Rps15,0.054079254079254,0.1892773892773893,0.6943278943278944,0.030084350611033,0.0857152297429707,0.1442291645654451,2.36572731621533,2.51448202846683,0.332690534200949
Uqcr11,0.0289044289044289,0.3968919968919969,1.0,-0.0238573576576052,0.0999064859589572,0.2327110347713562,1.0329935699085349,1.10397357928551,0.5383665479819326
Dot1l,0.0074408008082341,0.0583453023368575,0.3602408127769453,28.205609223432116,29.2273323779269,29.443451506671973,0.0,0.6284977679935555,0.1479229423816349
Plekhj1,0.0025903828378144,0.0191546447804258,0.113048723731741,0.0,28.52111374155703,28.929764664806083,0.0,0.3852217012021157,0.10169468667027137
Oaz1,0.0721056721056721,0.280963480963481,0.6125874125874127,-0.202557748233622,-0.1369351569291093,-0.0715076048902306,2.195973105095575,1.9860598711522128,0.43115996495949876
Timm13,0.0471253041839123,0.2448229488561024,0.772139521993872,-0.1593658767247298,0.2931530160007483,29.45312906422725,0.5883929235668446,0.7217637175927113,0.394580431332441
Gadd45b,0.0938616938616938,0.3356643356643357,0.8665112665112666,-0.5473578082250339,-0.2207710323196346,-0.1069804724334934,1.752846391666715,1.503906199348405,0.4786549190881321
Map2k2,0.0191546447804258,0.0980347968077632,0.3013890417146279,0.0,26.79084575319095,28.219965718682225,0.0,0.1161042659824252,0.2127678282366289
Zbtb7a,0.0173711500544092,0.1606596780277105,0.6694111706224701,27.904369106402623,28.920110554850613,29.178514165942275,0.0,0.5079497536981983,0.29877859143571395
Eef2,0.0139860139860139,0.1205905205905206,0.6125874125874127,0.0423106206161551,0.115406913181254,0.2008120873987033,1.805436250672495,1.9372488552796476,0.2447752088039858
Mrpl54,0.1026841156436345,0.4727139227350589,1.0,0.0,27.040225591281025,28.76877898439016,0.0,0.1380126800134207,0.6062402580530788
Tle5,0.0540064437120849,0.3235367862420667,1.0,-0.3175850024015299,0.2480141360152828,29.494235714622334,0.5883929235668446,0.7056616404325406,0.47508189801344375
Txnrd1,0.0139860139860139,0.04009324009324,0.280963480963481,-0.704139167314456,-0.4759644489211329,-0.2772561453687615,1.526698676198965,1.094290017411318,0.12401078235043053
Rtcb,0.0074408008082341,0.0191546447804258,0.0449578329938776,26.55161786332378,28.440041218300102,29.00448504324042,0.0,0.364171104596763,0.10169468667027137
Hsp90b1,0.0139860139860139,0.1205905205905206,0.5358197358197359,0.0462576332981955,0.1417722138901646,0.2334860396105723,1.84096678268708,2.020367302365985,0.2447752088039858
Spic,0.0191546447804258,0.0449578329938776,0.203551256135826,0.0,26.79084575319095,28.590630810727266,0.0,0.1161042659824252,0.12401078235043053
Arl1,0.0074408008082341,0.0449578329938776,0.203551256135826,0.0,26.79084575319095,28.439528909923588,0.0,0.1161042659824252,0.12401078235043053
Slc25a3,0.3356643356643357,0.778865578865579,1.0,-0.1146271039816577,-0.0065681654475149,0.1007682733868498,1.71291649777752,1.6982600850710126,0.7860293910370559
Elk3,0.0191546447804258,0.0449578329938776,0.203551256135826,0.0,26.290011306698624,27.920917350671143,0.0,0.0820506421618547,0.12401078235043053
Snrpf,0.1465605182649672,0.6843747548063993,1.0,-1.0547774668363443,-0.1482832983569211,0.1446502076990105,0.821632734867169,0.7383906650659007,0.7464875292855697
Metap2,0.0995927108704562,0.3795808914251254,0.953011395422729,-0.1122911746945203,0.6783664709885058,29.51612483098804,0.441080089202828,0.6516517349916555,0.5347163056809006
Ndufa12,0.0025903828378144,0.0191546447804258,0.0980347968077632,26.79084575319095,28.65103779879264,29.029036577974797,0.0,0.4215234919333055,0.10169468667027137
Mrpl42,0.0191546447804258,0.0449578329938776,0.203551256135826,0.0,26.929611965925247,28.243113358633963,0.0,0.1278265212545065,0.12401078235043053
Ube2n,0.1816653005134988,0.6827510662271137,1.0,-0.2126846194171125,0.0464505257394204,0.3323522931074634,0.684900423864681,0.7033329187420443,0.7464875292855697
Eea1,0.1202328005368122,0.3700277116622618,0.953011395422729,0.0305739498037781,28.816545795822503,29.361927952974757,0.0,0.4945364213469709,0.5238743588049943
Btg1,0.151981351981352,0.6943278943278944,1.0,-0.0784592329015523,0.0572061225563209,0.1924601016172024,2.368095503024475,2.4659589083360425,0.7464875292855697
Atp2b1,0.0012432012432012,0.0139860139860139,0.0938616938616938,-0.3987279732031267,-0.3065429003803652,-0.2113560078425046,2.30988081659482,1.86748369153028,0.10169468667027137
Ccdc59,0.0074408008082341,0.0191546447804258,0.0980347968077632,0.0,27.92011939332641,28.669225760414527,0.0,0.253976432296558,0.10169468667027137
Ppp1r12a,0.0191546447804258,0.2414967793951539,1.0,0.0,27.040225591281025,28.63861318914151,0.0,0.1380126800134207,0.3915896053410747
Nap1l1,0.1892773892773893,0.6943278943278944,1.0,-0.1436420898875732,0.0361007559491489,0.1518106173826069,1.14209740060785,1.176111742614081,0.7464875292855697
Glipr1,0.0191546447804258,0.0449578329938776,0.0980347968077632,0.0,26.52118715014576,28.195513250672057,0.0,0.0963103249799625,0.12401078235043053
Atxn7l3b,0.1752031252384661,0.6694111706224701,1.0,-1.0445780735149242,28.70799099291467,29.078773923764956,0.0,0.4508146219917844,0.7464875292855697
Rab21,0.0191546447804258,0.1027014536548814,0.6477042192622259,0.0,27.826068939537624,28.74282416800881,0.0,0.2379476447285832,0.21740125505722482
Cct2,0.0091553779041863,0.1476485888064738,0.778865578865579,0.0625418970042255,0.2856221108601172,0.5537261678918273,0.723796512311084,0.878005550268196,0.28397650914207206
Lyz2,0.0003108003108003,0.0021756021756021,0.04009324009324,0.1047565513659362,0.1458712705045073,0.1936309624074003,4.2021242722257,4.644328954595903,0.06475957094536
Cpsf6,0.0074408008082341,0.0191546447804258,0.0980347968077632,0.0,28.194589254348426,28.949873892857635,0.0,0.3071970849753067,0.10169468667027137
Mdm2,0.2561796261420456,0.7199178531944465,1.0,-0.6599237564403677,0.1330458470567794,29.175072844831263,0.489287585936249,0.540653486486842,0.7710616920059825
Rap1b,0.0289044289044289,0.151981351981352,0.6943278943278944,-0.2990649641379646,-0.1911542019069574,-0.0553754855985211,1.8610369037927148,1.6283844914611625,0.28397650914207206
Tmbim4,0.0025903828378144,0.0074408008082341,0.059107041472143,28.893180613750623,29.178441729432823,29.431916359252902,0.0,0.607555821525928,0.08349762270603607
Llph,0.2711281332535172,0.772139521993872,1.0,-0.4192345196419021,-0.1022367319929783,0.2050261363920908,0.708335792370668,0.668639076434026,0.7860293910370559
Gns,0.0003108003108003,0.0031399928189788,0.0139860139860139,0.4238569634124817,0.5977404255573978,0.8887525006655754,0.789484908940818,1.1923251736100524,0.075627875822965
Rassf3,0.0025903828378144,0.0280438836937886,0.1608269650576989,28.72700079757292,29.049448387809967,29.51404145786024,0.0,0.5555911528003712,0.12401078235043053
Tbk1,0.0074408008082341,0.0449578329938776,0.203551256135826,0.0,26.379595118679337,28.256353731661097,0.0,0.0873070670954787,0.12401078235043053
Usp15,0.0025903828378144,0.0074408008082341,0.0191546447804258,28.093646431349203,28.85843755575433,29.342252832859007,0.0,0.4866932593869747,0.08349762270603607
Tspan31,0.0074408008082341,0.0449578329938776,0.203551256135826,0.0,26.929611965925247,28.34865539503481,0.0,0.1278265212545065,0.12401078235043053
Os9,0.0074408008082341,0.0191546447804258,0.1479409233004462,26.941726820039644,28.85395992180872,29.39587259738262,0.0,0.4851850709634427,0.10169468667027137
R3hdm2,0.0074408008082341,0.0449578329938776,0.3363389324735482,0.0,26.15182089383776,28.38677500329636,0.0,0.074555987088821,0.12401078235043053
Lrp1,0.0125222247240691,0.1020809611324846,0.6031557254626783,-2.735811129725346,-0.7408710342472011,-0.077918591960107,0.831025808874414,0.4865833105629847,0.21740125505722482
Naca,0.1892773892773893,0.6125874125874127,1.0,-0.0342726946960495,0.0718947036962664,0.1760923553122806,1.88200973794659,1.9911885544743877,0.7121013183402826
Ptges3,0.054079254079254,0.4634032634032634,1.0,-0.1020955872308742,0.1023013116623356,0.2433154202870206,0.982812738540552,1.0580336345526,0.5989669144119406
Atp5b,0.0933177933177933,0.6125874125874127,1.0,-0.0828001091690096,0.0730653738927337,0.1926348667288321,1.2693468646368449,1.3410688649296376,0.7121013183402826
Cnpy2,0.0074408008082341,0.0449578329938776,0.203551256135826,0.0,27.65946208702096,28.82120599736912,0.0,0.211996040739795,0.12401078235043053
Myl6,0.0059052059052059,0.0139860139860139,0.152913752913752,-0.2276694253555485,-0.1602783930086176,-0.093379278786033,2.125740656337465,1.91049335295191,0.10169468667027137
Rpl41,0.054079254079254,0.2318570318570318,0.6125874125874127,-0.1152441809213914,-0.0732853992264563,0.0011679843824737,3.46021908298244,3.2856676305832178,0.3822350900815007
Rps26,0.0721056721056721,0.280963480963481,0.778865578865579,-0.116577253637759,-0.0589387821030705,-0.0011369330152295,2.85243121202848,2.7425630223635897,0.43115996495949876
Sarnp,0.0449578329938776,0.3013890417146279,0.8904027809514472,0.0,27.040225591281025,28.64397298468726,0.0,0.1380126800134207,0.4533460452295431
Cd63,0.2318570318570318,0.778865578865579,1.0,-0.386431230652984,-0.1165072524548894,0.0590514105312862,1.86956329118445,1.7188542913824874,0.7860293910370559
Tcn2,0.0074408008082341,0.1332470203401324,0.6477042192622259,0.0,28.261142380265355,29.1538893960803,0.0,0.3217003747699007,0.26159330533972314
Tbc1d10a,0.0191546447804258,0.0980347968077632,0.4140017389158428,0.0,26.851566100441485,28.64450495027218,0.0,0.121095170550644,0.2127678282366289
Uqcr10,0.1205905205905206,0.6125874125874127,1.0,-0.1959227260275433,0.0928357763905892,0.2314530469625381,1.02714446993705,1.11006178465743,0.7121013183402826
Ewsr1,0.2426354974724342,0.7703347136423385,1.0,-0.751657771546981,-0.1371261382074254,29.149840485494195,0.5936962628203805,0.5337659202344645,0.7860293910370559
Xbp1,0.0156942952060345,0.1611249492890518,0.7199178531944465,-29.46469676485587,-1.335812939175005,-0.2264902146403263,0.720312299993611,0.2922001508497087,0.2990806154566516
Mrps24,0.0074408008082341,0.1479409233004462,0.6793255216523519,0.0,27.86189662151124,29.039397990939104,0.0,0.2439307872369317,0.28397650914207206
Ppia,0.1205905205905206,0.4634032634032634,0.9550893550893552,-0.0986802879267893,-0.0467584438147605,0.0091412391495392,2.8293797200555897,2.730242489805087,0.5989669144119406
H2afv,0.0191546447804258,0.0449578329938776,0.203551256135826,0.0,26.15182089383776,27.68786812859273,0.0,0.074555987088821,0.12401078235043053
Purb,0.0175710667676868,0.0719660016236223,0.3235693319047432,-1.7431430989486218,-0.6738767219088941,-0.2488707669609458,0.847450270370352,0.5339137147970657,0.17345761560134276
Tns3,0.0007946359005854,0.0025903828378144,0.0314437345458923,29.094893977786256,29.367515460258268,29.594316529645013,0.0,0.6926329841281282,0.06475957094536
Sec61g,0.0721056721056721,0.6125874125874127,1.0,-0.0309878968088618,0.0751854413856572,0.1768284392820288,1.548326516197445,1.6284294193322688,0.7121013183402826
Plek,0.0093240093240093,0.054079254079254,0.151981351981352,-0.3029607428354392,-0.2209438042825,-0.1328594657762239,2.383854850006795,2.0409979045068773,0.14240870240870218
Actr2,0.151981351981352,0.6943278943278944,1.0,-0.1077983027456796,0.0196054550317837,0.1646993743193364,1.297672055562035,1.309549793171175,0.7464875292855697
Rab1a,0.271160359877409,0.778865578865579,1.0,-0.2189193499125658,0.027119117689445,0.27810504086809,0.752787517143073,0.769752954444821,0.7860293910370559
Peli1,0.0901559774973563,0.4727139227350589,0.951388719479733,-0.9320939178590592,27.240919726767235,28.63028712444006,0.0,0.2017217732266918,0.6062402580530788
Mdh1,0.0191546447804258,0.203551256135826,0.8040040579628547,0.0,26.379595118679337,28.41082772879028,0.0,0.0873070670954787,0.3511036950814466
Cct4,0.0441363158740108,0.3700277116622618,1.0,0.0,28.598425270664737,29.073832138377103,0.0,0.4091404646369506,0.5238743588049943
Usp34,0.0191546447804258,0.203551256135826,0.8040040579628547,0.0,26.941726820039644,28.261142380265355,0.0,0.1289044482945405,0.3511036950814466
Rel,0.0006216006216006,0.0093240093240093,0.0721056721056721,-0.3553210347419964,-0.2661080797660993,-0.1803524530024072,2.05411734150261,1.7168369746936274,0.09161650952695705
Ppp4r3b,0.0191546447804258,0.0449578329938776,0.5039104645747324,0.0,26.15182089383776,28.288007162381906,0.0,0.074555987088821,0.12401078235043053
Rps27a,0.1205905205905206,0.6125874125874127,1.0,0.0136319476142077,0.0673408080177007,0.1068270368546185,3.31400706085352,3.4719542506979164,0.7121013183402826
Rtn4,0.0037296037296037,0.0305138586005819,0.2318570318570318,-0.5184446997769634,-0.3196435995811502,-0.144743124825737,1.17145237295819,0.9403430622700432,0.12401078235043053
Fbxw11,0.0074408008082341,0.0980347968077632,0.8040040579628547,0.0,26.929611965925247,28.44120702854247,0.0,0.1278265212545065,0.2127678282366289
Npm1,0.0938616938616938,0.3356643356643357,0.9550893550893552,-0.0108584910581636,0.0703260859227648,0.163337520459862,1.82956332963589,1.92019127843203,0.4786549190881321
Lcp2,0.0007946359005854,0.0007946359005854,0.0026540293594823,29.510414445466907,29.68388265787004,29.78838288275392,0.0,0.8624602089159885,0.060361765525237115
Dock2,0.0049728499972615,0.0240225178357029,0.0687438363880664,28.660699346167867,29.062386030899628,29.352738921063263,0.0,0.5605959296013487,0.11323263180313418
Clint1,0.0729980454301154,0.4513629851407167,1.0,-0.4191206644730139,28.834754372676468,29.053929198039533,0.0,0.4874579489859937,0.5989669144119406
Havcr2,0.3013890417146279,0.768278203545834,1.0,-28.74462122244568,27.4267361708008,28.992754878910432,0.0,0.3184266935996905,0.7860293910370559
Rack1,0.151981351981352,0.3968919968919969,0.8665112665112666,-0.101412672609613,-0.0441013585584294,-0.0070427543346164,2.74308805784308,2.6732146829318824,0.5383665479819326
Irgm1,0.0191546447804258,0.0449578329938776,0.0980347968077632,0.0,27.425132657431224,28.79456712738,0.0,0.1802136000798675,0.12401078235043053
Rnf130,0.2318570318570318,0.778865578865579,1.0,-0.2200094895789706,0.0085237494867498,0.1754151188802002,1.002643363978795,1.0063685659906014,0.7860293910370559
Sqstm1,0.0721056721056721,0.3968919968919969,0.9550893550893552,-0.2759909371815026,-0.1263491376123788,0.020686793532045,1.49412360670141,1.3717622702091623,0.5383665479819326
Canx,0.0037296037296037,0.1205905205905206,0.6125874125874127,-0.41866281123074,-0.2523391031844873,-0.1265989818359434,1.48013950655107,1.2379046850229825,0.2447752088039858
Hnrnph1,0.1165968029296756,0.6827510662271137,1.0,-0.701602270326358,-0.2082154917937388,0.3182879813988634,0.6662683665044115,0.5779941014265079,0.7464875292855697
Hnrnpab,0.0289044289044289,0.2318570318570318,0.6431322050036423,-0.4065769546475803,-0.2234340963773607,-0.0670820421920956,1.05506153424105,0.9094395002348592,0.3822350900815007
Nhp2,0.0191546447804258,0.2414967793951539,0.6791567288705544,0.0,26.99633254923563,28.584563816559047,0.0,0.13387696767703,0.3915896053410747
Ube2b,0.0930450589520381,0.5358197358197359,1.0,-0.1794431420722017,0.0609731885669622,0.240739863790904,0.722623021667794,0.7593424917774955,0.6564788946922943
Ppp2ca,0.0006216006216006,0.0012432012432012,0.0037296037296037,-0.6107196477833384,-0.5167841303459689,-0.4159907962771074,1.59133977536012,1.108991168248805,0.06475957094536
Skp1a,0.0191546447804258,0.1026841156436345,0.2414967793951539,27.816316565906376,28.50352070656231,29.165448048367715,0.0,0.3805526176146625,0.21740125505722482
Vdac1,0.0074408008082341,0.0074408008082341,0.0202223810889232,28.54763477025295,29.246961614672987,29.420412518775606,0.0,0.6371075152549077,0.08349762270603607
Hspa4,0.164537455843051,0.6843747548063993,1.0,-0.4123887060888187,-0.1457871187547577,0.0923192359135439,0.8049747645886705,0.7246083055148504,0.7464875292855697
Aff4,0.1178837571664433,0.5593049468922574,1.0,-0.7418922276893973,-0.3568381326462014,0.0948697360258599,0.739005693864162,0.5746004315580491,0.6822898518296531
Uqcrq,0.3356643356643357,0.778865578865579,1.0,-0.1855792466196057,0.0296016553176911,0.1823835362156375,1.18226413646967,1.2086713281446475,0.7860293910370559
Irf1,0.0010130446880794,0.0023049801979101,0.0060562738692192,29.926874386083583,30.11089455153594,30.27538025333849,0.0,1.1595325880428016,0.06475957094536
Fnip1,0.1116117682982922,0.2997853409038892,0.953022111397575,-0.1411919621449918,29.107116707776147,29.39351786998724,0.0,0.5950106639686663,0.4533460452295431
Cdc42se2,0.4174708539811019,0.8596837951986661,1.0,-0.6365166514667387,-0.0743797944842804,0.4393204700548119,0.7663909258134121,0.723962749745052,0.8631802214119805
Hint1,0.1205905205905206,0.3968919968919969,0.9550893550893552,-0.0188523178719514,0.0704041009173843,0.1639723506446001,1.510065208690035,1.59524690127293,0.5383665479819326
Tnip1,0.0191546447804258,0.0449578329938776,0.3343475784622092,0.0,27.41022469482101,28.643250958934257,0.0,0.1783609671418172,0.12401078235043053
Gm2a,0.1199222999222999,0.5358197358197359,1.0,-0.1488069221621287,-0.0456581923546636,0.0748051145259781,1.66651521998421,1.6095738125860717,0.6564788946922943
Atox1,0.0059052059052059,0.151981351981352,0.8665112665112666,-0.2271497700465352,-0.0865753630214362,0.0272196365781406,1.93023882783951,1.8380276215799127,0.28397650914207206
G3bp1,0.0012276612276612,0.0195174811821777,0.2226536979813717,-1.7047266051037653,-0.8043389869514522,-0.3252770114547597,0.8633510952206778,0.468141661022743,0.10334323146059238
Larp1,0.0074408008082341,0.0449578329938776,0.203551256135826,0.0,27.425132657431224,28.83432222824653,0.0,0.1802136000798675,0.12401078235043053
Arf1,0.0205128205128205,0.2318570318570318,0.9550893550893552,-0.0348124971254101,0.1528972874597082,0.288798223548909,1.1617844689486,1.3122475384464911,0.3822350900815007
Nlrp3,0.0139860139860139,0.1205905205905206,0.5358197358197359,-0.5431315151716031,-0.3379125178747718,-0.0851122852890671,1.406156152315425,1.118057801678098,0.2447752088039858
Alkbh5,0.0191546447804258,0.0980347968077632,0.5570020590979111,0.0,26.99633254923563,28.490928219746717,0.0,0.13387696767703,0.2127678282366289
Map2k3,0.0021756021756021,0.0091553779041863,0.054079254079254,-1.963014066821151,-1.146960318138381,-0.6178914605422232,1.11708103740762,0.4943241575202582,0.09161650952695705
Ncor1,0.0123932749910412,0.0383449826006377,0.3000321049574381,28.80006770133836,29.16382849392121,29.466524676329065,0.0,0.6014328796607221,0.12401078235043053
Ubb,0.0139860139860139,0.1892773892773893,0.6125874125874127,0.0603108231991107,0.1310019054333127,0.292473015011594,2.27441172396767,2.477861991451905,0.332690534200949
2410006H16Rik,0.0044341093233441,0.0235255986784301,0.1292889494971171,0.307858313215919,29.575120320549185,29.7927221023376,0.0,0.831710487842933,0.11323263180313418
Gas7,0.1066231979755862,0.4278251278478543,1.0,-29.290556285557702,-1.0749716160219147,28.5702494755254,0.580035435794792,0.2487573640910986,0.5747990663261988
Pik3r5,0.0901559774973563,0.3013890417146279,1.0,0.0,26.99633254923563,28.56678411505101,0.0,0.13387696767703,0.4533460452295431
Ndel1,0.376759117811582,0.8153345943552276,1.0,-0.6918898406760089,0.0591597861491593,29.290825819243416,0.6279631802438974,0.667813754844913,0.8211554430655658
Rpl26,0.0205128205128205,0.151981351981352,0.5358197358197359,0.0452976845297096,0.0940612259816718,0.1342607398222355,3.11207442429262,3.3229575726896226,0.28397650914207206
Kdm6b,0.0006216006216006,0.0059052059052059,0.0289044289044289,-0.5784832183372357,-0.4832009814517196,-0.3705275565323734,1.94351405969717,1.39039291545004,0.08349762270603607
Cd68,0.280963480963481,0.778865578865579,1.0,-0.1817577850231558,-0.0008308483676043,0.1753429880606165,1.34106151820606,1.3418536582994125,0.7860293910370559
Eif4a1,0.0093240093240093,0.0289044289044289,0.0938616938616938,-0.3496261407149558,-0.2338642761527021,-0.1597437108309482,2.0806129667138524,1.772721655720845,0.12401078235043053
Tmem256,0.0925337611903636,0.4634032634032634,1.0,-0.3239249942205961,-0.1054508719153152,0.096847608442868,0.9648288721179544,0.8891062048569998,0.5989669144119406
Eif5a,0.054079254079254,0.2318570318570318,0.8665112665112666,-0.3444074360872627,-0.1871445489814757,0.0686875898900586,1.56391843490784,1.35261476823237,0.3822350900815007
Gabarap,0.04009324009324,0.1892773892773893,0.5358197358197359,-0.163240585441524,-0.0930286981879828,-0.0246224654252387,2.0397859513725,1.91834433935416,0.332690534200949
Phf23,0.0191546447804258,0.0449578329938776,0.203551256135826,0.0,26.57083842717998,28.053760255217444,0.0,0.0996826034641167,0.12401078235043053
Mgl2,0.0072098249726899,0.0213299259912101,0.0537154837055584,-30.187700255820253,-29.93035054920516,-29.634641631139623,1.023135834219895,0.0,0.10746582610367333
Rnasek,0.0037296037296037,0.0139860139860139,0.2318570318570318,0.2317556262842684,0.337535839180285,0.4509738926111357,1.01454791998808,1.28215900595125,0.10169468667027137
Arrb2,0.0025903828378144,0.0074408008082341,0.0280438836937886,28.495492698052384,29.32358699601044,29.49331522196637,0.0,0.671860742574226,0.08349762270603607
Cxcl16,0.0059052059052059,0.04009324009324,0.1892773892773893,0.0665570428093662,0.2073003980077527,0.3368210158508881,1.88200973794659,2.1756010192957875,0.12401078235043053
Psmb6,0.0166710088037554,0.1465605182649672,0.6133510323978177,-0.0230492069565528,0.1929400804140514,29.52154941040796,0.708335792370668,0.7895227835519357,0.28397650914207206
Pfn1,0.0286946386946387,0.1892773892773893,0.6943278943278944,0.0199547358815473,0.0799550880549453,0.1461867767516222,2.48595482409696,2.626210908660195,0.332690534200949
Scimp,0.0191546447804258,0.0449578329938776,0.203551256135826,0.0,26.941726820039644,28.773449051857856,0.0,0.1289044482945405,0.12401078235043053
Txndc17,0.2318570318570318,0.6943278943278944,1.0,-0.2159903798140835,0.0345761531464799,0.2772980701895057,0.8133059159259866,0.8389264417645772,0.7464875292855697
Emc6,0.0025903828378144,0.0449578329938776,0.4513629851407167,0.0,28.550382009729493,29.074818968235483,0.0,0.3931165895700327,0.12401078235043053
Pafah1b1,0.0289044289044289,0.2318570318570318,0.9550893550893552,-0.6118555021418307,-0.3195384187435351,-0.0828559978105361,1.154444363515275,0.921593512584072,0.3822350900815007
Mir22hg,0.0195174811821777,0.0995927108704562,0.5207033237981002,-29.68866446655938,-1.1363726274989598,-0.4262232707317287,0.858108776491419,0.386882061059812,0.21473319210606004
Prpf8,0.0074408008082341,0.0449578329938776,0.0980347968077632,0.0,27.662906319248787,28.893639803305614,0.0,0.2125027561952819,0.12401078235043053
Slc43a2,0.0025903828378144,0.0074408008082341,0.0779787345010902,27.525165122974773,29.02688532457902,29.56700656700396,0.0,0.5469695662886556,0.08349762270603607
Pitpna,0.0139860139860139,0.151981351981352,0.6125874125874127,-0.4806778806107892,-0.2719272434545109,-0.0900460971171445,1.18416654969986,0.979379088064986,0.28397650914207206
Myo1c,0.0074408008082341,0.0980347968077632,0.4140017389158428,0.0,27.33549842822685,28.659046849722053,0.0,0.1693577092573335,0.2127678282366289
Crk,0.1149197468315532,0.6155996805739075,1.0,-2.068005873828968,0.7664317198689314,28.945790008866265,0.2815438757855475,0.401807636933656,0.7135031508999221
Ywhae,0.0003108003108003,0.0139860139860139,0.151981351981352,-0.5172055492331952,-0.3328444704404689,-0.1415766577651723,1.43508452528932,1.1366652948043554,0.10169468667027137
Abr,0.0074408008082341,0.0280438836937886,0.1905179717373536,26.929611965925247,28.75556846856864,29.23297843836493,0.0,0.4531986948140473,0.12401078235043053
Ssh2,0.0074408008082341,0.0449578329938776,0.203551256135826,0.0,27.05914346200553,28.73076966962268,0.0,0.1398343396757095,0.12401078235043053
Taok1,0.076825953138897,0.3152856482682895,0.9499559814709728,0.4473760648754927,28.55731885987221,29.086030813295476,0.0,0.4041069160138215,0.4671388497756029
Nufip2,0.0941615986076139,0.4727139227350589,1.0,0.0,27.413540666014416,28.74521104750537,0.0,0.1787713934868845,0.6062402580530788
Rpl23a,0.0933177933177933,0.4634032634032634,1.0,-0.0075160413261786,0.0334410010419722,0.0966719072699903,2.32944146301503,2.3794131494756003,0.5989669144119406
Supt6,0.0191546447804258,0.0449578329938776,0.4140017389158428,0.0,26.79084575319095,28.50878387874655,0.0,0.1161042659824252,0.12401078235043053
Wsb1,0.0265056439856757,0.2672744816446535,0.9060237057875934,-1.7467105174529,-0.6431431845279916,0.0941499002673033,0.710750467990881,0.4551523301861193,0.42161909045382645
Evi2a,0.0215052971205703,0.1289960116674872,0.4843557021101186,0.0526037134448045,0.4192749136892893,29.73144920469917,0.6319988356980405,0.8236552164184975,0.25864682542465706
Crlf3,0.0074408008082341,0.0995927108704562,0.4278251278478543,28.945790008866265,29.17509926616568,29.419085804410983,0.0,0.610803495417904,0.21473319210606004
Adap2,0.0025903828378144,0.0074408008082341,0.0191546447804258,28.829823180868445,29.349072397225505,29.549271792408096,0.0,0.6838347020584565,0.08349762270603607
Psmd11,0.0074408008082341,0.0980347968077632,0.2414967793951539,0.0,26.964191377180807,28.46531596440078,0.0,0.130927359735436,0.2127678282366289
Ccl2,0.1673511592272537,0.5568598338696402,1.0,0.0,28.45047821272845,29.57857604404285,0.0,0.3668152069856875,0.6801472924505501
Ccl8,0.0007946359005854,0.0025903828378144,0.0191546447804258,28.817898216412303,30.36921132803555,31.202263801645408,0.0,1.3868949094059235,0.06475957094536
Slfn8,0.0074408008082341,0.0449578329938776,0.203551256135826,0.0,26.379595118679337,28.24564957118551,0.0,0.0873070670954787,0.12401078235043053
Slfn2,0.054079254079254,0.151981351981352,0.4634032634032634,-0.6030233473973213,-0.3783154503948838,-0.1900279725603894,2.131858335220975,1.63897873783398,0.28397650914207206
AI662270,0.0687438363880664,0.3795808914251254,0.951388719479733,0.0589823364066918,28.602731416689007,29.06606088863948,0.0,0.412411153183553,0.5347163056809006
Ccl5,0.0074408008082341,0.0191546447804258,0.0980347968077632,0.0,27.89823258249201,28.7461243882375,0.0,0.250152490821963,0.10169468667027137
Ccl9,0.0157210681477968,0.0537154837055584,0.3013890417146279,-29.989022345503297,-29.60766565487062,0.0,0.818079411896209,0.0,0.14240870240870218
Ccl6,0.0028017259636683,0.0112833336286544,0.0687438363880664,-29.92922004029038,-29.746707055084915,-29.54435632124829,0.902447739903737,0.0,0.10169468667027137
Wfdc17,0.0409970611329001,0.2094823757163304,0.768278203545834,-0.1286264169712485,29.418183842058585,29.785170729662497,0.0,0.7281425478727533,0.3575865964042805
Ggnbp2,0.0074408008082341,0.0779787345010902,0.5568598338696402,26.964191377180807,28.80360355885237,29.132752952651668,0.0,0.468542136445942,0.18356138336073083
Vmp1,0.0003108003108003,0.0014457807008947,0.0091553779041863,0.7616589084405416,1.0460912974175232,30.312064870239045,0.6040242524116499,1.248294889270705,0.06475957094536
Cltc,0.3356643356643357,0.8226884226884228,1.0,-0.3162439464494974,-0.127942661434936,0.0119874065840538,1.3297051988388748,1.215515937124705,0.8272961480700789
Supt4a,0.0074408008082341,0.0430058933601486,0.3152856482682895,27.88692932867457,28.929764664806083,29.25371433781501,0.0,0.511360208949598,0.12401078235043053
Scpep1,0.0904107062465967,0.3096559030458566,0.953011395422729,-0.5581601800214361,28.98354054224827,29.537535420063925,0.0,0.6344208624513338,0.4640139670072586
Trim25,0.0449578329938776,0.1905179717373536,0.4140017389158428,0.0,26.929611965925247,28.03052372643326,0.0,0.1278265212545065,0.332690534200949
Nme2,0.0721056721056721,0.3356643356643357,0.9550893550893552,-0.2034913115554519,-0.1238272808513936,-0.008209467097917,1.86609193459466,1.70627782555146,0.4786549190881321
Nme1,0.0289044289044289,0.2932707266977624,0.953011395422729,-1.519737688327634,-0.4520295235822409,-0.0520608900349414,0.744012442990447,0.5399018332077385,0.4493480878418004
Spag9,0.0139860139860139,0.0721056721056721,0.4634032634032634,-0.5155258595391451,-0.3075060041001181,-0.1147102053557919,1.371707917622925,1.0976392636570365,0.17345761560134276
Lrrc59,0.1149197468315532,0.640428787412791,1.0,-0.7310652992719209,0.0549910108713791,29.288517753145477,0.5807584318420715,0.5754682084235896,0.7379503238858005
Spop,0.0025903828378144,0.0355619260547482,0.3152856482682895,27.464249371830075,28.849201809148497,29.337369297207445,0.0,0.4835877577472801,0.12401078235043053
Gngt2,0.0037296037296037,0.0139860139860139,0.1178837571664433,0.2868646320770935,0.4576845601359885,0.8421986332417952,0.877503754371417,1.2096249337986975,0.10169468667027137
Snf8,0.0449578329938776,0.3274876822714159,1.0,0.0,27.05914346200553,28.21061119404808,0.0,0.1398343396757095,0.4786549190881321
Atp5g1,0.3356643356643357,0.778865578865579,1.0,-0.0802543864244599,0.1214409221872409,0.2801855079223825,1.02806625310001,1.1260942837424426,0.7860293910370559
Mllt6,0.0191546447804258,0.0449578329938776,0.203551256135826,0.0,26.52118715014576,28.335964384694822,0.0,0.0963103249799625,0.12401078235043053
Psmb3,0.0026540293594823,0.0231509519852463,0.1407135248526926,0.8260048110612802,29.72847473057424,29.86408338649388,0.0,0.889534135796343,0.11317606477936001
Rpl23,0.151981351981352,0.6943278943278944,1.0,-0.0341524053964019,0.020215454046253,0.0743809820634093,3.63165031641526,3.6884646820167015,0.7464875292855697
Lasp1,0.0156942952060345,0.0553192420704978,0.2698712949217355,0.2112917531983804,29.533157576202417,29.746062851164027,0.0,0.7889528600524529,0.14413445348039086
Arl5c,0.0025903828378144,0.0191546447804258,0.1026841156436345,28.539836261706263,29.165232891531737,29.5808364838622,0.0,0.6020186286997731,0.10169468667027137
Rpl19,0.1892773892773893,0.4634032634032634,0.9550893550893552,-0.0020767654668585,0.0554064265139827,0.1205120926981286,3.145601311086988,3.27535909970317,0.5989669144119406
Cdk12,0.0191546447804258,0.203551256135826,0.7828636615476965,0.0,26.290011306698624,28.395852583943302,0.0,0.0820506421618547,0.3511036950814466
Igfbp4,0.0074408008082341,0.0191546447804258,0.0980347968077632,0.0,28.547049761315424,29.334598026964155,0.0,0.3922096408196625,0.10169468667027137
Smarce1,0.0074408008082341,0.0449578329938776,0.0980347968077632,0.0,27.780879609429054,28.892702180342475,0.0,0.2306099631995527,0.12401078235043053
Eif1,0.0003108003108003,0.0006216006216006,0.0012432012432012,-0.29552132556065,-0.2532291409139296,-0.1976359355226732,3.07923665146256,2.582834010962725,0.060361765525237115
Rab5c,0.0003108003108003,0.0064882642630802,0.1205905205905206,0.2055565586563049,0.437112737697212,0.6645001484767465,0.7255573363298535,0.987303505373117,0.08349762270603607
Stat3,0.0003108003108003,0.0012432012432012,0.054079254079254,-1.0176222463612488,-0.7390286841264291,-0.4803682466253001,1.05180766398324,0.629986933362918,0.06475957094536
Rpl27,0.1892773892773893,0.6943278943278944,1.0,-0.014012943963506,0.0507932565843685,0.1200615082097266,2.52685639043176,2.6212995497066,0.7464875292855697
Lsm12,0.3096559030458566,0.768278203545834,1.0,-0.8304313299352615,-0.1064884760300193,29.26452122103901,0.618986465790177,0.5749431812878495,0.7860293910370559
Grn,0.0021756021756021,0.0139860139860139,0.0721056721056721,0.2417849960209853,0.4111599227243662,0.5047778760912492,1.42757252534318,1.9161235151265172,0.10169468667027137
Gpatch8,0.0449578329938776,0.0449578329938776,0.203551256135826,0.0,26.290011306698624,27.8684849408285,0.0,0.0820506421618547,0.12401078235043053
Nmt1,0.0074408008082341,0.1326199674443742,0.5908087369280278,27.040225591281025,28.65806628810572,29.10229802213871,0.0,0.423582071021513,0.26159330533972314
Limd2,0.0007946359005854,0.0007946359005854,0.0074408008082341,29.23005148804007,29.44636163872641,29.61689423523138,0.0,0.731540063772283,0.060361765525237115
Ddx5,0.0037296037296037,0.0289044289044289,0.151981351981352,-0.2749749534095944,-0.1953817011034747,-0.0999911266995178,2.61724534358015,2.2827021447286224,0.12401078235043053
Bptf,0.0516999549363111,0.2414967793951539,0.5568598338696402,0.0,27.425132657431224,28.592349893775733,0.0,0.1802136000798675,0.3915896053410747
Psmd12,0.0074408008082341,0.0449578329938776,0.113048723731741,0.0,27.7178889292318,28.94635852124557,0.0,0.220757761793108,0.12401078235043053
Gna13,0.2318570318570318,0.4634032634032634,0.9550893550893552,-0.1670325209807969,-0.0700670410444857,0.0113613222011772,1.85180844257672,1.7621498676885523,0.5989669144119406
Prkar1a,0.2318570318570318,0.6943278943278944,1.0,-0.2043622363148898,0.0073980298165051,0.1834291468296473,0.8876566294377335,0.8884239540966892,0.7464875292855697
Fam104a,0.0025903828378144,0.0449578329938776,0.396088002667696,26.55161786332378,28.746204891421858,29.216170522683218,0.0,0.4502668072665472,0.12401078235043053
Rpl38,0.3356643356643357,0.778865578865579,1.0,-0.0203962968814199,0.0282041572694406,0.0769985671909558,2.83738644475058,2.900781193647025,0.7860293910370559
Cd300a,0.3356643356643357,0.778865578865579,1.0,-0.1725314134560868,0.057637550417971,0.2896778403734888,0.8726457420731,0.9062674065056756,0.7860293910370559
Cd300c2,0.0003108003108003,0.0012432012432012,0.0205128205128205,0.2581518159644387,0.4386417125125404,0.5745985944962495,1.20670974417261,1.6615215866521325,0.06475957094536
Atp5h,0.151981351981352,0.4634032634032634,0.9550893550893552,0.0235650622417465,0.0980730066938348,0.1901616231481368,1.4923830613457651,1.5893730775621724,0.5989669144119406
Jpt1,0.0537296037296037,0.4634032634032634,1.0,-0.2114761060630553,0.0858754912849654,0.3743628072237697,0.833520031057687,0.8919580428902752,0.5989669144119406
Sumo2,0.0933177933177933,0.3968919968919969,0.9550893550893552,-0.2310489704230906,-0.0761179700220313,0.0762437729333594,1.10925785477444,1.0449928926323124,0.5383665479819326
Grb2,0.054079254079254,0.1892773892773893,0.6146309246309228,0.0227275961131274,0.1589970191708404,0.2948788334336627,1.23848431451151,1.37806360678935,0.332690534200949
H3f3b,0.3356643356643357,0.778865578865579,1.0,-0.0649981350342633,0.0002790330407157,0.0657629882873256,3.33469246561352,3.339349034467745,0.7860293910370559
Wbp2,0.0191546447804258,0.0449578329938776,0.203551256135826,0.0,27.038756003981124,28.31832400019871,0.0,0.1378721663141327,0.12401078235043053
Ubald2,0.0007946359005854,0.0025903828378144,0.0123932749910412,29.267495835034676,29.54098133179602,29.793658252768083,0.0,0.7811266978666009,0.06475957094536
Srsf2,0.002085411945659,0.0064882642630802,0.032123288296735,-2.918979389023824,-0.9522236826397203,-0.400476028408249,0.9585742723838,0.4915593012442859,0.08349762270603607
Syngr2,0.2238991155035703,0.6012221988088494,1.0,0.003346181759513,0.3090540188541217,0.5546315535844463,0.834404128536679,1.0448965635902492,0.7121013183402826
Socs3,0.1892773892773893,0.6943278943278944,1.0,-0.2378393786482195,-0.0295117346606875,0.1908685592746405,1.67987888376149,1.6494821889367135,0.7464875292855697
Cyth1,0.0006216006216006,0.0045417242076844,0.054079254079254,-1.0592738026254158,-0.5374177482649352,-0.3426261540487014,1.044736821208195,0.715085625772488,0.08349762270603607
Timp2,0.0007946359005854,0.0516999549363111,0.6694111706224701,28.241185489314734,28.97706614367124,29.484830722283792,0.0,0.5284039978260264,0.1400329770935314
Lgals3bp,0.0007946359005854,0.0007946359005854,0.0074408008082341,29.475737062331948,29.904645801158807,30.14523896101816,0.0,1.005067945615148,0.060361765525237115
Actg1,0.0205128205128205,0.0938616938616938,0.3968919968919969,-0.1871173911692763,-0.1017900734792321,-0.0410576915362426,3.15181750766845,2.9390180349263604,0.2127678282366289
P4hb,0.1287858743905631,0.6843747548063993,1.0,-0.4005400144554707,0.0847338433161946,0.3474140743207348,0.7684429305056425,0.8081438790314648,0.7464875292855697
Arhgdia,0.0289044289044289,0.2318570318570318,0.778865578865579,-0.2695958322837788,-0.1447177654742166,-0.013501308033643,1.32021788515869,1.1903262756319,0.3822350900815007
Anapc11,0.0074408008082341,0.0449578329938776,0.3013890417146279,0.0,27.769609457543176,28.81660404416458,0.0,0.2288154854578422,0.12401078235043053
Metrnl,0.1753258176208659,0.5109393498748492,0.953011395422729,-29.47803928898223,-1.2474476856499972,-0.3898136683975859,0.739005693864162,0.3101870198840515,0.6497779884113505
Rab10,0.032123288296735,0.3837143535858314,0.9562121212121204,-0.1616193564771517,0.0941747757586866,0.2936034573753999,0.7821520862637668,0.8349949059052367,0.5378536893768752
Dnmt3a,0.0074408008082341,0.0449578329938776,0.203551256135826,0.0,26.290011306698624,28.6317383419518,0.0,0.0820506421618547,0.12401078235043053
Itsn2,0.0123932749910412,0.0769241046186093,0.3152856482682895,28.26190057467857,28.867517901539166,29.312040396864067,0.0,0.489766174939107,0.18356138336073083
Sf3b6,0.0995927108704562,0.640428787412791,1.0,-1.9741202097889223,27.79077753448469,29.12838121198053,0.0,0.3994926581691122,0.7379503238858005
Rhob,0.199716266240922,0.7199178531944465,1.0,-29.41863380460469,26.55161786332378,29.332924146732584,0.0,0.2744592562916985,0.7710616920059825
Laptm4a,0.054079254079254,0.280963480963481,0.778865578865579,0.0020397226804506,0.1685561079170294,0.3468524546164298,1.03811970196648,1.17371013917791,0.43115996495949876
Fam49a,0.0074408008082341,0.0449578329938776,0.1905179717373536,0.0,27.958490525986782,28.80236992175396,0.0,0.2608220356487392,0.12401078235043053
Rock2,0.0729980454301154,0.4372185996250276,1.0,-1.541963408564207,28.28850161685513,29.241885294675804,0.0,0.4514834170118991,0.586223173292213
Pdia6,0.384993546056126,0.6125874125874127,1.0,0.0614023525828256,0.2635227155345818,0.44821991414944,0.918154777391501,1.117899877675995,0.7121013183402826
Odc1,0.0687438363880664,0.1332470203401324,0.4140017389158428,0.0,28.41934830031555,29.09153698039797,0.0,0.358984993566752,0.26159330533972314
Adam17,0.0014034822813198,0.008969389134836,0.0725931484850583,0.2986595070926015,0.5509593380399913,29.805100126052064,0.635654308069555,0.9248589806143162,0.09161650952695705
Ywhaq,0.0074408008082341,0.0583453023368575,0.262995800540654,28.349234546631877,29.08028342131546,29.35364750962125,0.0,0.5675937327980035,0.1479229423816349
Id2,0.1199222999222999,0.3968919968919969,0.9550893550893552,0.0043851512346258,0.0937653104377768,0.1670884788660775,2.090506792398175,2.244825929144894,0.5383665479819326
Rps7,0.1205905205905206,0.6125874125874127,1.0,-0.0311665667949735,0.0568865137984958,0.1349828920696783,2.90434468706769,3.0418420329099725,0.7121013183402826
Nampt,0.0015383197232882,0.0087227998955471,0.0441363158740108,29.169795975341646,29.514304065840392,29.677339196519988,0.0,0.7668153967213005,0.09161650952695705
Sypl,0.0074408008082341,0.0191546447804258,0.0980347968077632,0.0,27.79921533246468,28.789076254741865,0.0,0.2335595711411467,0.10169468667027137
Ahr,0.0139860139860139,0.151981351981352,0.6943278943278944,-0.6968360001711237,-0.3712880623298373,-0.1357309877097675,1.1945361536712,0.9239631736430364,0.28397650914207206
Tspan13,0.0289044289044289,0.5240789974851849,1.0,-0.8594450092588989,-0.3964006425290318,-0.0002834793892332,0.8665746522821625,0.6683041144829033,0.6564788946922943
Ifrd1,0.1205905205905206,0.6943278943278944,1.0,-0.1421997872531498,0.0410675782759431,0.1738793179188609,1.89793364202244,1.9498112734272912,0.7464875292855697
Dock4,0.0074408008082341,0.0449578329938776,0.203551256135826,0.0,27.038756003981124,28.77425721342053,0.0,0.1378721663141327,0.12401078235043053
Dnajb9,0.0191546447804258,0.3013890417146279,0.8040040579628547,0.0,26.15182089383776,28.13687124055729,0.0,0.074555987088821,0.4533460452295431
Sptssa,0.0191546447804258,0.1704181223248704,0.8447374648645183,0.0,28.45893526298212,28.92831885324143,0.0,0.3689717853310167,0.31106819925288265
Snx6,0.0074408008082341,0.0191546447804258,0.2414967793951539,0.0,28.02807979982076,28.976305964947976,0.0,0.2737113073527395,0.10169468667027137
Baz1a,0.1205905205905206,0.5624846616632901,1.0,-0.7722217029059938,-0.2792353983759833,0.0723880646143192,0.7928409337020905,0.6534469376081007,0.6836352041753834
Psma6,0.0007946359005854,0.0041476751667831,0.0441363158740108,29.00771049298766,29.34456936747284,29.563547043453745,0.0,0.6817036750920261,0.08110552925145172
Nfkbia,0.0139860139860139,0.0139860139860139,0.0938616938616938,-0.6626067631671041,-0.4375756336856209,-0.2172978890253786,2.42575774540917,1.79747426524305,0.10169468667027137
Mia2,0.0007946359005854,0.0074408008082341,0.0687438363880664,28.466449128790256,28.9323634300766,29.101815504626703,0.0,0.5122821659341874,0.08349762270603607
Fkbp3,0.0191546447804258,0.0449578329938776,0.203551256135826,0.0,26.290011306698624,28.094672056056694,0.0,0.0820506421618547,0.12401078235043053
Rps29,0.1205905205905206,0.280963480963481,0.5358197358197359,0.0168240024362461,0.0484035738210176,0.0735191053039714,3.97047354474148,4.104707043790874,0.43115996495949876
Rpl36al,0.151981351981352,0.6125874125874127,1.0,-0.1144780848455046,0.0110383122489934,0.1243361175104762,1.9741654871977496,2.0003384185999336,0.7121013183402826
Arf6,0.0074408008082341,0.0687438363880664,0.2414967793951539,26.79084575319095,28.81913535798978,29.108084871038844,0.0,0.4736136284720574,0.17077871303953604
Psma3,0.0725809615755736,0.6125874125874127,1.0,-0.1045454722216404,0.0865571924791266,0.2552020415865372,0.91383777063941,0.9669987781165836,0.7121013183402826
Hif1a,0.054079254079254,0.3356643356643357,0.9550893550893552,-0.1093185966859119,0.2347758760666133,0.542548377916254,0.9010127076967096,1.08392764923741,0.4786549190881321
Atp6v1d,0.0074061876347587,0.0327788695088586,0.2159249389401403,28.47869640817921,29.099081148549587,29.316416123035115,0.0,0.5750376375701576,0.12401078235043053
Vti1b,0.0074408008082341,0.0449578329938776,0.0980347968077632,0.0,27.75317384887166,28.761415054824845,0.0,0.2262235438652872,0.12401078235043053
Zfp36l1,0.151981351981352,0.6125874125874127,1.0,-0.6268886427064556,-0.1192087766469977,0.3845416248218909,1.17145237295819,1.0581739229263256,0.7121013183402826
Susd6,0.0060656947207601,0.0529181854649972,0.2226536979813717,0.2104415813023057,29.577803082435945,29.840228124713388,0.0,0.8766761730553498,0.14240870240870218
Srsf5,0.1511965811965812,0.5358197358197359,1.0,-0.1709400574451218,-0.0537874223455409,0.0432665094445918,1.44914061023381,1.3926576076525898,0.6564788946922943
Rbm25,0.2307925407925408,0.6943278943278944,1.0,-0.185276802988324,0.0125812490814551,0.2119506875940591,1.0823475019942,1.08994763964861,0.7464875292855697
Npc2,0.0021756021756021,0.0205128205128205,0.0938616938616938,0.0834783748476716,0.1506789677174347,0.22301501889924,2.328303363959145,2.582213565619988,0.10361335169519305
Dlst,0.0191546447804258,0.0449578329938776,0.203551256135826,0.0,26.379595118679337,28.02909412579567,0.0,0.0873070670954787,0.12401078235043053
Tmed10,0.151981351981352,0.6943278943278944,1.0,-0.0948629768462016,0.001807376028554,0.0814060607103478,1.28512782805063,1.28841938432771,0.7464875292855697
Fos,0.1892773892773893,0.6943278943278944,1.0,-0.5238712027669655,-0.1383317419758263,0.2500756741261279,1.66651521998421,1.4899093471467824,0.7464875292855697
Jdp2,0.1606596780277105,0.6649152149992148,1.0,0.0,28.2677942759061,29.12657476250493,0.0,0.3255224114483056,0.7464875292855697
Sptlc2,0.0074408008082341,0.0602218956621887,0.5039104645747324,0.0,27.592102439068583,28.8832676370318,0.0,0.2023254315744562,0.15228968493319164
Slirp,0.0074408008082341,0.0449578329938776,0.3013890417146279,26.26818364953869,28.47857335374613,29.041827704823685,0.0,0.3740286002999002,0.12401078235043053
Snw1,0.0025903828378144,0.0191546447804258,0.3013890417146279,0.0,28.471191573299212,29.06785083802109,0.0,0.3721197107372765,0.10169468667027137
Gpr65,0.0086031545339284,0.0518299272179096,0.2429082609043239,0.5469591382912663,29.7912395451241,30.04667654365426,0.0,0.947327911837593,0.1400329770935314
Foxn3,0.0355579056999209,0.2607429136112664,0.7703347136423385,-3.056077997658017,-0.974968495462886,-0.3131515092287673,0.715952419473755,0.3640418085356355,0.41362831677289247
Calm1,0.3968919968919969,0.778865578865579,1.0,-0.0241650642208581,0.0270066172444358,0.0879970984052381,2.91785941889868,2.9690709064599625,0.7860293910370559
Ndufb1-ps,0.054079254079254,0.2318570318570318,0.6125874125874127,0.0730011192524652,0.1904207382874245,0.3283256390842133,1.204515964125155,1.37899059823547,0.3822350900815007
Lgmn,0.1205905205905206,0.3968919968919969,0.9550893550893552,-0.4307792501748951,-0.2973558985502429,-0.1022303852299399,2.35568977529891,1.9068929697171724,0.5383665479819326
Ddx24,0.0235255986784301,0.1476485888064738,0.6125874125874127,0.0351217021519451,0.2989574214955416,0.607501906573231,0.658251234580236,0.8121477355510709,0.28397650914207206
Ifi27,0.0007946359005854,0.0074408008082341,0.0779787345010902,28.561795664397053,29.245673337781213,29.533736064792333,0.0,0.6365395945743058,0.08349762270603607
Ifi27l2a,0.0616302776200837,0.3312583151105943,0.9513641829362992,-29.742276423720288,-1.7675696744504208,27.92461783254558,0.739005693864162,0.218731648619308,0.4786549190881321
Papola,0.0449578329938776,0.4513629851407167,0.949991186507606,0.0,27.53949266496628,28.952344380252057,0.0,0.1950802732761465,0.5989669144119406
Evl,0.0025903828378144,0.0449578329938776,0.203551256135826,0.0,27.46816890203643,28.75850406004216,0.0,0.1856704385198937,0.12401078235043053
Yy1,0.0191546447804258,0.0980347968077632,0.5625488430004827,0.0,27.45333508340596,28.76950753253384,0.0,0.1837711524100517,0.2127678282366289
Ppp2r5c,0.0025903828378144,0.0191546447804258,0.3013890417146279,0.0,28.75899849032917,28.96857783267282,0.0,0.4542796410038792,0.10169468667027137
Dync1h1,0.0041476751667831,0.0383449826006377,0.2587634843009835,27.95779049980389,28.86501066629428,29.218389623068884,0.0,0.4889157577847045,0.12401078235043053
Hsp90aa1,0.0003108003108003,0.0037296037296037,0.04009324009324,-0.4261398505391562,-0.3345473181351439,-0.2399580657076871,1.86663072074437,1.4810283224885574,0.07836135495709902
Traf3,0.0074408008082341,0.1704181223248704,0.7441250623860661,0.0,28.03052372643326,29.024712873237792,0.0,0.2741753674874225,0.31106819925288265
Tnfaip2,0.280963480963481,0.6125874125874127,1.0,-0.0488548670105885,0.1872005040033697,0.3608133323574105,1.53279054758662,1.750978718714375,0.7121013183402826
Eif5,0.0289044289044289,0.2318570318570318,0.8665112665112666,-0.2886259882963908,-0.140386426866867,0.0049399802776803,1.61608423587626,1.4669092986440575,0.3822350900815007
Atp5mpl,0.0930450589520381,0.280963480963481,0.8665112665112666,0.1180528178933445,0.2989592447231896,0.4218189233145379,1.035923985211555,1.2848339736303775,0.43115996495949876
Pld4,0.0003108003108003,0.0037296037296037,0.0721056721056721,0.2917838599230373,0.4643864512458544,0.6396068795535523,1.038502744750865,1.447038001779395,0.07836135495709902
Gpr132,0.0639390893075438,0.2628903364198475,0.7703347136423385,-29.51286709280788,-1.7503514035058216,-0.4363240411737136,0.726212381168574,0.2199228084759875,0.4160323833567298
Crip1,0.0014034822813198,0.0014457807008947,0.0021440236871193,-2.007645111763192,-1.603900273750306,-1.394511732538933,2.84416420198244,0.935472015417976,0.06475957094536
Igha,0.0289044289044289,0.151981351981352,0.4634032634032634,-0.3136423677725796,-0.170791966771877,-0.0703231475906147,1.45431687937322,1.291963108356705,0.28397650914207206
Ighm,0.0191546447804258,0.0449578329938776,0.203551256135826,0.0,26.379595118679337,28.51575019919922,0.0,0.0873070670954787,0.12401078235043053
Gdi2,0.3356643356643357,0.778865578865579,1.0,-0.1186603832427784,-0.015450966370664,0.0880672744103427,1.68177553158757,1.66092325269918,0.7860293910370559
Klf6,0.04009324009324,0.3968919968919969,1.0,-0.5973449974120079,-0.2207224604635901,0.0629930468391497,1.321476326332055,1.1334971870754322,0.5383665479819326
Pfkp,0.0074408008082341,0.0901559774973563,0.3013890417146279,26.57083842717998,28.633477758522584,29.010129005553125,0.0,0.4164239357094195,0.210470514843119
Gtpbp4,0.0074408008082341,0.0449578329938776,0.6164022940411147,0.0,28.03864639213569,28.905358149953177,0.0,0.2757233841577535,0.12401078235043053
Larp4b,0.0718263311415725,0.4502910796846515,1.0,-0.9739486744691638,-0.314473720257139,0.097321356479114,0.797153451185296,0.6419672494220592,0.5989669144119406
Gpr137b,0.2093912448876893,0.5830440246512354,1.0,-1.3551416787312736,27.920917350671143,29.11860471098438,0.0,0.2762846515754055,0.706882718653278
Arid4b,0.0191546447804258,0.0980347968077632,0.6822779120978592,0.0,26.99633254923563,28.580032575008616,0.0,0.13387696767703,0.2127678282366289
Psma2,0.0059052059052059,0.1205905205905206,0.6943278943278944,0.0328606673734847,0.1970767269029348,0.5976627536441304,0.769964323979181,0.868866374204267,0.2447752088039858
Elmo1,0.0074408008082341,0.0449578329938776,0.4226780741706355,0.0,26.290011306698624,28.425934632897768,0.0,0.0820506421618547,0.12401078235043053
BC005537,0.0003108003108003,0.0093240093240093,0.2318570318570318,-0.5586647539303123,-0.3409621625601014,-0.1985881852970525,1.40455129743647,1.1003010176962276,0.09161650952695705
Uqcrfs1,0.0025903828378144,0.0583453023368575,0.4727139227350589,26.964191377180807,28.570758003193944,29.09840111514504,0.0,0.3987081899860247,0.1479229423816349
Psmg4,0.0074408008082341,0.0449578329938776,0.1905179717373536,26.57083842717998,28.261516605279382,29.218648221382107,0.0,0.3217838324234725,0.12401078235043053
Prpf4b,0.0074408008082341,0.1026841156436345,0.5029640016527623,26.379595118679337,28.495640683083952,28.998542181692255,0.0,0.378479699411152,0.21740125505722482
Ly86,0.0721056721056721,0.4634032634032634,0.8665112665112666,0.0829942006881217,0.2386920709389298,0.3855608438915774,1.16587349419169,1.379895035052955,0.5989669144119406
Ssr1,0.0240225178357029,0.1332470203401324,0.4731449148747261,0.0,28.601064403501017,29.16193587410661,0.0,0.4071723629071935,0.26159330533972314
Tmem14c,0.0014457807008947,0.0235255986784301,0.1178837571664433,0.2379081593368181,0.5051770265746046,1.6882726306767382,0.6804610798251844,0.9526233428728108,0.11323263180313418
Nol7,0.0074408008082341,0.0449578329938776,0.5039104645747324,0.0,27.20505609531816,28.75527918979546,0.0,0.1547169571999942,0.12401078235043053
Cd83,0.0021522921522921,0.0139860139860139,0.0938616938616938,-0.8002761984229216,-0.6079783361468082,-0.3830795953034555,1.907089472169025,1.250231644927715,0.10169468667027137
Jarid2,0.0518299272179096,0.2159249389401403,0.768278203545834,-2.4304386107217564,-0.7251145075962266,-0.3864115039650156,0.748268587042754,0.4673952067953615,0.36668250593875934
Dek,0.0383449826006377,0.2094823757163304,0.768278203545834,-0.1637467610253951,29.17042496262298,29.49977688332714,0.0,0.6364981081952213,0.3575865964042805
Fam120a,0.0025903828378144,0.0074408008082341,0.0280438836937886,28.947599211919545,29.296553463200947,29.51023789182315,0.0,0.659388631033968,0.08349762270603607
Ninj1,0.151981351981352,0.4634032634032634,0.9550893550893552,-0.3187940957961548,-0.1805942289094386,-0.0388651626071041,1.59019896848773,1.4035187260066675,0.5989669144119406
Card19,0.0003108003108003,0.0059052059052059,0.1208787031362292,-0.9960381666180648,-0.5830004157868167,-0.242023971457771,0.973032083472495,0.645906769884686,0.08349762270603607
Sema4d,0.0025903828378144,0.0173711500544092,0.1026841156436345,28.38030874935933,29.170994179501616,29.599108059008262,0.0,0.6044275535604164,0.10169468667027137
Syk,0.2318570318570318,0.778865578865579,1.0,-0.1787305031716215,0.0119847344766647,0.1733908861680868,1.18557105883168,1.2101165470939148,0.7860293910370559
Nfil3,0.131875542841263,0.4513629851407167,0.9513641829362992,26.99633254923563,28.84500795553481,29.23025213972072,0.0,0.484204070577306,0.5989669144119406
Higd2a,0.1704181223248704,0.7104101295409428,1.0,0.0,26.711202263810733,28.55177332229904,0.0,0.1103888870073803,0.7633623535600447
Nsd1,0.0191546447804258,0.0449578329938776,0.0980347968077632,0.0,26.941726820039644,28.502560925248,0.0,0.1289044482945405,0.12401078235043053
Prelid1,0.0518299272179096,0.2628903364198475,0.9070384808036948,-0.293049417503728,29.194411667885458,29.54146101870161,0.0,0.6638809191591974,0.4160323833567298
Lman2,0.0025903828378144,0.0123932749910412,0.0688501916141175,29.061678120389796,29.3420541531214,29.531519418146356,0.0,0.6805161461075008,0.10169468667027137
Tmed9,0.0289044289044289,0.1892773892773893,0.778865578865579,0.0149705294560227,0.300194523907989,0.552288289441238,0.757952236842561,0.9368866256507374,0.332690534200949
B230219D22Rik,0.0191546447804258,0.0449578329938776,0.4140017389158428,0.0,26.79084575319095,28.508253026062008,0.0,0.1161042659824252,0.12401078235043053
H2afy,0.280963480963481,0.778865578865579,1.0,-0.1686145323811891,-0.014055549629569,0.1204770725169299,1.01487371444014,1.0055024178915577,0.7860293910370559
Tgfbi,0.0938616938616938,0.5358197358197359,1.0,-0.1968214014454482,-0.0756832655510569,0.0512794050465777,1.81876197588083,1.718668451066145,0.6564788946922943
Hnrnpa0,0.0921673180446737,0.3235367862420667,0.95344003441657,-0.7221700767423952,-0.3961107808469928,-0.0940741723868787,0.739344213458875,0.5572754184366335,0.47508189801344375
Hnrnpk,0.054079254079254,0.3356643356643357,0.9550893550893552,-0.2653456115524591,-0.1117040326496512,0.0307886851648994,1.5619798798955,1.4467341447043625,0.4786549190881321
Tut7,0.0227796928098559,0.2672744816446535,0.9536916548852497,-0.1590626218243717,29.029636105929185,29.31835461120913,0.0,0.5736726194645683,0.42161909045382645
Ctsl,0.2318570318570318,0.778865578865579,1.0,-0.3776402226096143,-0.0127579032697742,0.282308159052011,1.22876003863321,1.2202565651061026,0.7860293910370559
Uqcrb,0.0289044289044289,0.2318570318570318,0.778865578865579,0.0323990020441566,0.2454041651151052,0.4308891184537522,1.018363705724545,1.2129177502806423,0.3822350900815007
Ndufs6,0.0071609681938079,0.05582929463924,0.3096559030458566,28.91064015230937,29.186168729831078,29.431938325901967,0.0,0.6108185890544937,0.14413445348039086
Clptm1l,0.0025903828378144,0.0191546447804258,0.0449578329938776,26.851566100441485,28.570758003193944,28.892702180342475,0.0,0.3987081899860247,0.10169468667027137
Sdha,0.0025903828378144,0.0074408008082341,0.0383449826006377,28.511053160535948,29.00861359418088,29.189655284593822,0.0,0.5400858805364337,0.08349762270603607
Ell2,0.0123932749910412,0.131992914548616,0.5830440246512354,0.191015840924959,29.2105676406296,29.46732691488836,0.0,0.6372538648194073,0.26159330533972314
Glrx,0.0025903828378144,0.0074408008082341,0.0516999549363111,28.713826362722497,29.06382360309448,29.35850669252482,0.0,0.5611548133228987,0.08349762270603607
Mef2c,0.1026841156436345,0.4278251278478543,1.0,-29.769825883158997,-1.7233577007690843,27.818683188746416,0.739005693864162,0.224636348212271,0.5747990663261988
Cox7c,0.054079254079254,0.3968919968919969,0.9550893550893552,-0.0610669502974957,0.0529413390150711,0.1604344869829232,1.73201446911478,1.8008906338074575,0.5383665479819326
Tmem167,0.0774878986969844,0.5039104645747324,1.0,0.0,27.07975447299589,28.88394579046593,0.0,0.1418464164807235,0.6433246073271471
Rps23,0.0286946386946387,0.1892773892773893,0.6125874125874127,0.0097930692016482,0.0470330956005941,0.0783518194916316,3.32888289040164,3.4543789453131275,0.332690534200949
Tbca,0.0938616938616938,0.5358197358197359,1.0,-0.4058483203691,-0.127711609704225,0.1338580684162902,0.865275240492663,0.788327820695211,0.6564788946922943
Nsa2,0.2318570318570318,0.6943278943278944,1.0,-0.1421877635593283,0.0469896339595272,0.237412596086349,1.2166504768675,1.2503249843031974,0.7464875292855697
Hexb,0.0409970611329001,0.1149197468315532,0.376759117811582,0.3721855368852039,29.690865740533308,29.91616161361593,0.0,0.8997706131944352,0.24043061439864152
Btf3,0.0139860139860139,0.1892773892773893,0.6943278943278944,-0.2058982386364179,-0.082739806689348,0.0040283127397059,1.78988692639265,1.692189172964895,0.332690534200949
Fcho2,0.1332470203401324,0.3013890417146279,0.8040040579628547,0.0,27.49797409393387,28.7758956766004,0.0,0.1895461728570107,0.4533460452295431
Pik3r1,0.0420750766920098,0.2429082609043239,0.9077864979090876,-0.2232385114135696,0.2632200030235984,29.74537634367521,0.676759767406852,0.800972247964902,0.3925890468789196
Erbin,0.359989827187004,0.8110701293339075,1.0,-1.5113558046662112,0.1460615052744357,29.177611793839787,0.313136328901123,0.4757965990382259,0.8172772986910548
Gpbp1,0.2672744816446535,0.7703347136423385,1.0,-0.3712896774145262,-0.0591859757427195,0.1914636252743095,0.720637458103521,0.7022096763355772,0.7860293910370559
Map3k1,0.0007946359005854,0.0142769489529344,0.2094823757163304,28.18238226667179,28.93972427118916,29.230398943666863,0.0,0.5149186742127754,0.10169468667027137
Snx18,0.0938616938616938,0.4634032634032634,1.0,-0.055314212323013,0.2024804338099002,0.3843590179710597,1.0052736749673898,1.1733507938471202,0.5989669144119406
Ndufs4,0.0074408008082341,0.0449578329938776,0.0980347968077632,0.0,27.908885810474647,28.97506784451043,0.0,0.2520065174736205,0.12401078235043053
Emb,0.0280438836937886,0.1683168336138877,0.7441250623860661,-29.5006670497911,-29.19146213768851,27.038756003981124,0.650416236041419,0.0,0.31106819925288265
Dnase1l3,0.0015383197232882,0.0026540293594823,0.0120506007705678,30.362826229552507,30.63723296507294,30.808028089767685,0.0,1.670742030014205,0.06552134981221927
Rpl15,0.0721056721056721,0.3356643356643357,0.9550893550893552,0.019963430559309,0.1148144363239538,0.1985170602006032,2.3332100223141,2.52777361718004,0.4786549190881321
Rtraf,0.0769241046186093,0.3700277116622618,0.8548127198282508,0.2140723530365611,28.76116647271563,29.355506001102206,0.0,0.461540343348694,0.5238743588049943
Gng2,0.0015383197232882,0.0056142135483653,0.0421649312533629,29.010120702412863,29.42457744557411,29.645670885288432,0.0,0.7205989614099877,0.08349762270603607
Chchd1,0.0191546447804258,0.0449578329938776,0.3013890417146279,27.698158312515663,28.16375318207948,29.108609939603195,0.0,0.30070073998159,0.12401078235043053
Vdac2,0.0037296037296037,0.0289044289044289,0.151981351981352,0.2677826148179017,0.4672456511460581,0.6346449521328971,0.876029118427685,1.2173566141703849,0.12401078235043053
Rps24,0.3356643356643357,0.778865578865579,1.0,-0.0459625869776908,9.07020869369982e-05,0.0331467212618464,3.71375359279464,3.715468524048948,0.7860293910370559
Zmiz1,0.0049728499972615,0.0391701660299839,0.2561796261420456,28.584563816559047,29.255840176561957,29.47350272198901,0.0,0.6418099706748612,0.12401078235043053
Arf4,0.151981351981352,0.6943278943278944,1.0,-0.237639669295257,-0.0487420219350046,0.0971897057816423,1.280683376148455,1.2372668313921795,0.7464875292855697
Selenok,0.1511965811965812,0.6125874125874127,1.0,-0.0983034577500772,0.0445898183639929,0.1706529373769846,1.4327842146297298,1.4770768688553,0.7121013183402826
Tkt,0.0205128205128205,0.280963480963481,0.8665112665112666,0.0566760526540583,0.2641764294676051,0.4811525370698359,0.875457070852509,1.0572960726813334,0.43115996495949876
Prkcd,0.1465605182649672,0.5992448359443866,1.0,-0.1562922200921343,0.0534953531616003,0.3676754277977812,0.748268587042754,0.7788101510501231,0.7121013183402826
Spcs1,0.00797190037821,0.0702942294187667,0.52296164404117,0.0660488940323681,0.5071422028115804,29.61337481735552,0.546666222544187,0.7559677880016638,0.17345761560134276
Gnl3,0.1026841156436345,0.2414967793951539,0.8904027809514472,0.0,26.851566100441485,28.56681180655148,0.0,0.121095170550644,0.3915896053410747
Pbrm1,0.0074408008082341,0.1606596780277105,0.6791567288705544,0.0,28.51290327512088,29.18377941238405,0.0,0.3830356072396782,0.29877859143571395
Stab1,0.0022726818101643,0.0120737972431228,0.0779787345010902,28.665502863849746,29.331112647435305,29.75537063977885,0.0,0.6753745830551923,0.10169468667027137
Nisch,0.0074408008082341,0.0191546447804258,0.1905179717373536,26.929611965925247,28.543137964249244,29.021596824387395,0.0,0.3911476240060312,0.10169468667027137
Dph3,0.0191546447804258,0.0449578329938776,0.0980347968077632,0.0,26.941726820039644,28.39298338077685,0.0,0.1289044482945405,0.12401078235043053
Timm23,0.0430058933601486,0.2093912448876893,0.7536651375079032,0.0460674372150272,29.20171384599324,29.41260795527132,0.0,0.6232297597217209,0.3575865964042805
Glud1,0.0139860139860139,0.151981351981352,0.6125874125874127,-0.8804671029700186,-0.507524424055059,-0.0900161610926767,0.976991352712383,0.6919634812122822,0.28397650914207206
Wapl,0.0769241046186093,0.2094823757163304,0.6799884022342944,0.0319203201696583,29.304126406789933,29.538481965671213,0.0,0.6851629351390568,0.3575865964042805
Ghitm,0.0025903828378144,0.0383449826006377,0.1905179717373536,27.944437988915563,28.88878699224689,29.144607292723336,0.0,0.4970400933148605,0.12401078235043053
Psmc6,0.0191546447804258,0.0980347968077632,0.6807809372084408,0.0,26.99633254923563,28.682859247914436,0.0,0.13387696767703,0.2127678282366289
Lgals3,0.0037296037296037,0.0139860139860139,0.1205905205905206,-0.72842245854689,-0.481832467617222,-0.2419367840124707,2.3251501770596104,1.657285419713725,0.10169468667027137
Pnp,0.0074408008082341,0.0191546447804258,0.0202223810889232,28.18301917045608,28.72700079757292,28.88878699224689,0.0,0.4443129020480452,0.10169468667027137
Hnrnpc,0.054079254079254,0.280963480963481,0.8665112665112666,-0.4331908961831715,-0.2115442199095522,-0.0119857089699881,0.946930421650949,0.8176174768856165,0.43115996495949876
Supt16,0.0074408008082341,0.0449578329938776,0.0980347968077632,0.0,27.46816890203643,28.59668074634096,0.0,0.1856704385198937,0.12401078235043053
Tox4,0.0025903828378144,0.0191546447804258,0.0449578329938776,27.391785962940357,28.66711909893229,29.04887661187012,0.0,0.4262483756892465,0.10169468667027137
Dad1,0.1892773892773893,0.6943278943278944,1.0,-0.158793474599086,0.0623896532316503,0.2645043478399371,0.874226744588648,0.916874705241174,0.7464875292855697
Mrpl52,0.2318570318570318,0.778865578865579,1.0,-0.2082626950120815,0.0310116527802987,0.260337309616642,1.09883456028494,1.117915376534783,0.7860293910370559
Mmp14,0.0007946359005854,0.0007946359005854,0.0023049801979101,29.48306081861286,29.791673837043565,29.962412775753812,0.0,0.9293674238156384,0.060361765525237115
Psmb5,0.0049728499972615,0.0173711500544092,0.0779787345010902,28.5702494755254,29.05377247236608,29.296163873362403,0.0,0.5572588836533217,0.10169468667027137
Pabpn1,0.0280438836937886,0.3013890417146279,0.9513641829362992,0.0,28.267779496017216,29.149301655368888,0.0,0.3231837662815085,0.4533460452295431
Psme1,0.0003108003108003,0.0012432012432012,0.0139860139860139,0.4476404839841121,0.5840428107056324,0.6890942771258262,1.1159067599801151,1.6869202739377052,0.06475957094536
Psme2,0.0042232887177029,0.0156942952060345,0.0391701660299839,0.7175579924370699,2.200449257131607,30.254395259239782,0.2707091544716025,1.166126716411775,0.10169468667027137
Nedd8,0.04009324009324,0.1205905205905206,0.4634032634032634,0.0554411999822064,0.2300714162967879,0.3924598975719514,1.06245344887478,1.23468547793478,0.2447752088039858
Kpna3,0.0074408008082341,0.0687438363880664,0.4261748433913785,0.0,26.79084575319095,28.453446323667983,0.0,0.1161042659824252,0.17077871303953604
Ctsb,0.0938616938616938,0.3356643356643357,0.8665112665112666,-0.0429849374163466,0.0446180189623426,0.1171302165657902,2.99295439988856,3.104172591060925,0.4786549190881321
Trim35,0.0074408008082341,0.0449578329938776,0.2653152307346181,0.0,27.240919726767235,28.72749997483311,0.0,0.158611234194263,0.12401078235043053
Dpysl2,0.0074408008082341,0.0980347968077632,0.5625488430004827,0.0,27.413540666014416,28.856548599178687,0.0,0.1787713934868845,0.2127678282366289
Bnip3l,0.0025903828378144,0.0191546447804258,0.1905179717373536,0.0,28.44756212689676,29.02248202328765,0.0,0.3660745207807155,0.10169468667027137
Rcbtb2,0.2201475617987384,0.52296164404117,1.0,-0.8022122914096965,-0.5211368808605938,-0.1809815393695177,0.778909015582764,0.544968205468918,0.6564788946922943
Lpar6,0.0191546447804258,0.1231478720359367,0.7828636615476965,0.0,26.379595118679337,28.669613067235,0.0,0.0873070670954787,0.24970949411804413
Itm2b,0.0003108003108003,0.0037296037296037,0.054079254079254,0.1399848884272647,0.2459023108146056,0.3404221721396412,2.90903610348213,3.4476004351325624,0.07836135495709902
Esd,0.0215562667600163,0.0942643068412102,0.3837463333975887,0.3371317411920883,29.287002127522733,29.47192094438724,0.0,0.6593059229334333,0.2127678282366289
Lcp1,0.0003108003108003,0.0003108003108003,0.0059052059052059,0.1776548151165611,0.2580546208813462,0.3428171806620369,1.7429773235991348,2.07685894451934,0.055802783075508414
Tpt1,0.0139860139860139,0.054079254079254,0.280963480963481,-0.1105959914561448,-0.0754252098888782,-0.0302567615507663,4.28029819517613,4.062093825690733,0.14240870240870218
Lacc1,0.0074408008082341,0.0191546447804258,0.0980347968077632,0.0,28.179127802671815,28.95973402430769,0.0,0.30392240612179,0.10169468667027137
Epsti1,0.0025903828378144,0.0191546447804258,0.102943230845837,26.929611965925247,28.880358141798,29.36286520598862,0.0,0.4941447910933206,0.10169468667027137
Sugt1,0.0074408008082341,0.0449578329938776,0.1905179717373536,27.038756003981124,27.92011939332641,28.860702530857115,0.0,0.253976432296558,0.12401078235043053
Kctd12,0.0289044289044289,0.1205905205905206,0.4634032634032634,-0.6057677042981037,-0.3935495949065845,-0.147527822602914,1.686090358073555,1.279892519632405,0.2447752088039858
Mycbp2,0.1892773892773893,0.7282210233302229,1.0,-0.3437638791401366,0.0061783325193552,0.3788897369987603,0.847488381940531,0.8530844799889885,0.777845603611244
Rbm26,0.0191546447804258,0.0449578329938776,0.203551256135826,0.0,26.55161786332378,28.02319892530144,0.0,0.098363371424415,0.12401078235043053
Gm10076,0.280963480963481,0.6943278943278944,1.0,-0.1436645813173734,0.077223252344655,0.2938729283652247,0.942701643237358,0.9900547325069904,0.7464875292855697
Tpm3-rs7,0.0779787345010902,0.1479409233004462,0.5568598338696402,0.0,28.30366378432152,29.14064177760393,0.0,0.3313823194550737,0.28397650914207206
Dnajc3,0.0721056721056721,0.3235367862420667,0.8616968286082338,-0.9969818139762066,-0.5463512530008674,-0.1313811934762594,0.902970787159965,0.6046175484054168,0.47508189801344375
Mbnl2,0.0717880285985024,0.3968919968919969,1.0,-0.1631141367460518,0.0726349180955472,0.6419840216860355,0.6790326667828694,0.7093045378534055,0.5383665479819326
Gpr183,0.0086018501515083,0.0553192420704978,0.2429082609043239,-30.132356409083734,-1.4609456193487096,-0.6566718111261497,1.23622702226655,0.4498787851960665,0.14413445348039086
Tm9sf2,0.0191546447804258,0.1332470203401324,0.5646777274070244,0.0,27.34829275143696,28.839862322299563,0.0,0.1708663120687835,0.26159330533972314
Selenop,0.3356643356643357,0.778865578865579,1.0,-0.675597429088241,-0.1961896460856401,0.1247405600349321,2.54438296264361,2.20469302229855,0.7860293910370559
Oxct1,0.0191546447804258,0.0449578329938776,0.0980347968077632,0.0,27.45333508340596,28.672108374925315,0.0,0.1837711524100517,0.12401078235043053
Rpl37,0.0205128205128205,0.151981351981352,0.6125874125874127,0.0033818765054016,0.076399012086201,0.1358160741688044,2.977042039924875,3.1569968240224937,0.28397650914207206
Dab2,0.0059052059052059,0.04009324009324,0.1892773892773893,-1.2131156800930307,-0.7289177474860218,-0.3958261734604869,1.55489614672795,0.9590273923987352,0.12401078235043053
Fyb,0.0003108003108003,0.0059052059052059,0.1205905205905206,0.350286531638304,0.4426454941122014,0.5790625994823247,1.3145196169740676,1.7767945059797725,0.08349762270603607
Nipbl,0.2561796261420456,0.7603899357833063,1.0,-1.9892535051985365,-0.3713909130518075,29.12531976728375,0.5706133453170601,0.4196190536071615,0.7860293910370559
Il7r,0.0280438836937886,0.3013890417146279,1.0,-29.46101024108958,-1.6660927053968055,27.66989193121868,0.322816538750905,0.0,0.4533460452295431
Sub1,0.0205128205128205,0.1892773892773893,0.7810567210567192,-0.1799248120232473,-0.0773540621798252,0.0002414552156139,1.8783753084114096,1.7836035093251064,0.332690534200949
Zfr,0.0191546447804258,0.0980347968077632,0.4140017389158428,0.0,26.290011306698624,28.60987151247339,0.0,0.0820506421618547,0.2127678282366289
Basp1,0.054079254079254,0.3968919968919969,0.9562121212121204,-0.0299615875690975,0.0969206297264603,0.2328036331935368,2.016980646540075,2.148905253037065,0.5383665479819326
Zfp622,0.0449578329938776,0.0449578329938776,0.0449578329938776,26.15182089383776,27.453782932250025,27.95779049980389,0.0,0.183828208455768,0.12401078235043053
Otulin,0.0060562738692192,0.0687438363880664,0.3152856482682895,27.768191483313277,28.887025066065785,29.282463161332178,0.0,0.4964334416082412,0.17077871303953604
Otulinl,0.0007946359005854,0.0025903828378144,0.021596133890647,29.065597527232136,29.36777046817755,29.62561424487972,0.0,0.6927552345759556,0.06475957094536
Cct5,0.0063457053762778,0.0921673180446737,0.4502910796846515,0.0753502496826867,0.3344526405667798,29.5939269913572,0.657058230245675,0.819047875633385,0.2127678282366289
Mtdh,0.054079254079254,0.4634032634032634,1.0,-0.0385251190804158,0.1786920984799827,0.4004287938644446,0.758893653036784,0.8516026952745075,0.5989669144119406
Rpl30,0.054079254079254,0.3356643356643357,0.8665112665112666,0.0064053753102926,0.048104102044441,0.0998039142757758,3.050256774623265,3.157567982231265,0.4786549190881321
Cox6c,0.3356643356643357,0.778865578865579,1.0,-0.1045975396636861,0.0024709796470061,0.0775269825377364,1.70668237244928,1.7177695420776986,0.7860293910370559
Pabpc1,0.0289044289044289,0.0721056721056721,0.2318570318570318,-0.2242699166956442,-0.1512524882192505,-0.0809949080189943,2.3285985829744,2.0938220063957727,0.17345761560134276
Ywhaz,0.0003108003108003,0.0012432012432012,0.054079254079254,-0.4309265807658407,-0.340232653753694,-0.2365636596228971,1.7926945488765749,1.4122530003203626,0.06475957094536
Zfp706,0.0025903828378144,0.0191546447804258,0.0449578329938776,27.038756003981124,28.716582848850123,29.114209425098405,0.0,0.44111599883469,0.10169468667027137
Atp6v1c1,0.0449578329938776,0.2414967793951539,0.4140017389158428,0.0,26.982085493799172,28.814945601854077,0.0,0.1325613981214102,0.3915896053410747
Eif3e,0.151981351981352,0.6943278943278944,1.0,-0.1671315983663456,0.0278190181755593,0.1814621363051731,0.954878492371461,0.9702111038216604,0.7464875292855697
Trps1,0.1205905205905206,0.6943278943278944,1.0,-0.4394136471085675,-0.077603179527991,0.2207080259013895,0.740896492496562,0.711291247147686,0.7464875292855697
Eif3h,0.0289044289044289,0.2318570318570318,0.8665112665112666,0.0699854514780673,0.2305591487730664,0.3869800471542429,0.920855312269134,1.0787362393016728,0.3822350900815007
Derl1,0.002645303130443,0.0173711500544092,0.0729980454301154,29.03252524204392,29.30045587139339,29.541814244383435,0.0,0.66117451186194,0.10169468667027137
Ndufb9,0.0139860139860139,0.1959454603122196,0.9550893550893552,0.0070114334687625,0.2506416409298083,0.3950410362608298,0.852358250714324,1.016218998628189,0.34156424017355136
Trib1,0.0112833336286544,0.1149197468315532,0.4436570559117131,-29.40143724482139,-1.3844978295747816,-0.6091969642924259,0.782956176950796,0.3026115603536087,0.24043061439864152
Fam49b,0.3342968142968144,0.778865578865579,1.0,-0.1302043582240238,0.0806076252581979,0.2489119127628146,1.1209687268748,1.20013909698663,0.7860293910370559
Asap1,0.0191546447804258,0.0449578329938776,0.203551256135826,0.0,26.79084575319095,28.423772710674008,0.0,0.1161042659824252,0.12401078235043053
Sla,0.2002397372160336,0.7199178531944465,1.0,-1.393383366628668,0.5043960953937385,29.11737735472579,0.2970205330262445,0.4913538786555708,0.7710616920059825
St3gal1,0.0060562738692192,0.05582929463924,0.4278251278478543,-29.479023405681097,-29.382397988190984,-2.169639466494921,0.7083635481695665,0.0,0.14413445348039086
Ago2,0.2467376368078808,0.7715426535572856,1.0,-0.3583687849554481,-0.0950747820739196,0.2173313581394129,0.852358250714324,0.7875688980875231,0.7860293910370559
Ly6e,0.0003108003108003,0.0003108003108003,0.0003108003108003,0.7976650869697908,0.936014107599448,1.1522836563661998,1.4022153144986875,2.6774519114755826,0.055802783075508414
Ly6i,0.0074408008082341,0.0449578329938776,0.0980347968077632,0.0,28.702101172200567,29.50064970892024,0.0,0.4367102551078565,0.12401078235043053
Ly6a,0.0007946359005854,0.0007946359005854,0.0025903828378144,29.91369135706352,30.28799815144946,30.5523960710548,0.0,1.3109796908132938,0.060361765525237115
Gsdmd,0.0074408008082341,0.0449578329938776,0.203551256135826,0.0,27.65946208702096,28.889658242844103,0.0,0.211996040739795,0.12401078235043053
Eef1d,0.0938616938616938,0.3968919968919969,1.0,-0.0589949667811875,0.1099239406736508,0.3107070965065764,0.8220970765041544,0.8828325461134126,0.5383665479819326
Grina,0.0007946359005854,0.0074408008082341,0.0430058933601486,28.47929889690805,29.35514950419517,29.7392974681259,0.0,0.6867216271664964,0.08349762270603607
Vps28,0.0074408008082341,0.0687438363880664,0.2414967793951539,26.55161786332378,28.48601772435289,29.01628385847884,0.0,0.3759635925554402,0.17077871303953604
Rpl8,0.054079254079254,0.151981351981352,0.3968919968919969,-0.1703916481602132,-0.1208461122635236,-0.0429002815454317,2.80092912518942,2.569667885514982,0.28397650914207206
Myh9,0.1892773892773893,0.6943278943278944,1.0,-0.1944995096477211,-0.0321628389586326,0.1468973495361643,1.0514690541029,1.0245421480161574,0.7464875292855697
Txn2,0.0191546447804258,0.0449578329938776,0.0980347968077632,0.0,26.79084575319095,28.421637427019867,0.0,0.1161042659824252,0.12401078235043053
Ncf4,0.0037296037296037,0.1205905205905206,0.6964413364413347,-0.3208377578831848,-0.1541140141842966,-0.016331586982032,1.110553337825025,1.0004890980697805,0.2447752088039858
Csf2rb2,0.0874803339251971,0.4436570559117131,1.0,-2.9739274948479277,-0.7949478513177414,28.247775550651564,0.697373814606992,0.4029686803438327,0.5932448784195216
Csf2rb,0.0289044289044289,0.151981351981352,0.6125874125874127,-0.5221432379209285,-0.3199172468142665,-0.0849747199980419,1.84610744643553,1.48016643443187,0.28397650914207206
Rac2,0.0037296037296037,0.04009324009324,0.1205905205905206,0.2505530083882173,0.4502484445167389,0.6088594870303776,0.961558476502144,1.3160700385559037,0.12401078235043053
Cyth4,0.0617066900283126,0.3837143535858314,1.0,-0.2296903635199141,0.1809657037321909,0.7857571515641006,0.6958342769591226,0.7815602518168057,0.5378536893768752
Lgals1,0.0038849847804668,0.0120506007705678,0.0471253041839123,-30.32219426286358,-2.7091761032267287,-1.3312721114006445,1.32149312182546,0.207446151050139,0.10169468667027137
Maff,0.1332470203401324,0.4513629851407167,1.0,0.0,26.99633254923563,28.443034996139065,0.0,0.13387696767703,0.5989669144119406
Ddx17,0.0240225178357029,0.131992914548616,0.6411533469930323,-0.1040010549577512,29.087176506746783,29.481789472802426,0.0,0.5786653855307899,0.26159330533972314
Tomm22,0.0025903828378144,0.0449578329938776,0.3013890417146279,26.15182089383776,28.236728342582904,28.934344649471296,0.0,0.3163021974895565,0.12401078235043053
Rpl3,0.054079254079254,0.280963480963481,0.9550893550893552,0.0258469983873806,0.0971473094402945,0.1494713190332992,2.548349503968425,2.72283114978327,0.43115996495949876
Atf4,0.0003108003108003,0.0012432012432012,0.0045417242076844,-1.2162072551270169,-0.7915813702982809,-0.4572629933608962,1.06582729168325,0.6150140441260877,0.06475957094536
St13,0.2429082609043239,0.6843747548063993,1.0,-0.2449488318426051,0.0681608567708213,0.3618163909581848,0.684900423864681,0.71095481536651,0.7464875292855697
Rbx1,0.151981351981352,0.6943278943278944,1.0,-0.2973546772169979,-0.0899665843898241,0.0829851214746619,0.982917372375588,0.924401057744166,0.7464875292855697
Tob2,0.4478307404396433,0.8609521360603793,1.0,-1.2299420241888963,-0.2341147159369818,0.1654027334471291,0.758893653036784,0.6451300840903376,0.8640144658126266
Aco2,0.0191546447804258,0.0980347968077632,0.5039104645747324,0.0,26.929611965925247,28.613710234736253,0.0,0.1278265212545065,0.2127678282366289
Snu13,0.0617066900283126,0.2971897434333751,0.9536916548852497,-0.8900770469726147,-0.2815331686926032,-0.0299476042725235,0.842306266766546,0.69347145208784,0.4533460452295431
Smdt1,0.0289044289044289,0.280963480963481,0.9550893550893552,-0.28882918191891,-0.1077313038841167,0.059797882648417,1.11625182337757,1.0334426598708668,0.43115996495949876
Ndufa6,0.0938616938616938,0.4634032634032634,1.0,-0.0333573373271004,0.1677062556684898,0.3560072728643307,0.91383777063941,1.021827511642884,0.5989669144119406
Poldip3,0.0995927108704562,0.5568598338696402,1.0,0.0,27.942520028142653,29.118512553403413,0.0,0.2579506824631487,0.6801472924505501
Cyb5r3,0.0191546447804258,0.3013890417146279,0.8040040579628547,0.0,26.57083842717998,28.439614555399167,0.0,0.0996826034641167,0.4533460452295431
Tspo,0.0012432012432012,0.0139860139860139,0.0938616938616938,0.2307486171494315,0.3495749725072088,0.4934685998486959,1.2256466217019049,1.54597011476544,0.10169468667027137
5031439G07Rik,0.3164717878479781,0.768278203545834,1.0,-28.75308165397586,-0.4486173203111836,28.873258413709685,0.449772813510279,0.366057385244402,0.7860293910370559
Zcrb1,0.0025903828378144,0.0383449826006377,0.4278251278478543,27.95779049980389,28.913759138341497,29.18599225809164,0.0,0.5057184371988614,0.12401078235043053
Scaf11,0.0007946359005854,0.0087227998955471,0.1202328005368122,29.11592449066899,29.399416120391173,29.55866252380622,0.0,0.7089415019249438,0.09161650952695705
Slc38a1,0.299622475548736,0.6827510662271137,1.0,-29.392116385888123,-0.6609425397512205,0.0932708899072186,0.710750467990881,0.455686240928609,0.7464875292855697
Slc38a2,0.0085509792371253,0.0314437345458923,0.1289960116674872,-29.77145440942236,-2.309260936151084,-0.8118534099576731,0.867210670616159,0.1802136000798675,0.12401078235043053
Arf3,0.0025903828378144,0.0297438091198404,0.1704181223248704,28.09692920148786,28.98477490617965,29.321562787067897,0.0,0.5312349792767945,0.12401078235043053
Tuba1b,0.0677396535718825,0.3164717878479781,0.9529678774076156,-0.1481060195900289,0.1916753157298816,29.587225951012417,0.657730165735909,0.7146696843381855,0.4671388497756029
Tuba1c,0.0112833336286544,0.1026841156436345,0.6604192593759595,-29.533821449070537,-2.6701644878986266,27.041213813323896,0.739005693864162,0.1161042659824252,0.21740125505722482
Tmbim6,0.0205128205128205,0.1892773892773893,0.778865578865579,0.0081715943763772,0.1341784917778303,0.2781750529556037,1.258691947529385,1.376488937369945,0.332690534200949
Cox14,0.0074061876347587,0.0779787345010902,0.4727139227350589,26.379595118679337,28.40855565162636,29.097110060900217,0.0,0.356309484947151,0.18356138336073083
Larp4,0.0980347968077632,0.3343475784622092,0.9408026565073496,0.0,26.929611965925247,28.482667088547792,0.0,0.1278265212545065,0.4786549190881321
Dazap2,0.1205905205905206,0.6125874125874127,1.0,-0.2968578666451579,-0.077237629424661,0.0929653491849071,1.30297975610059,1.2336794502845687,0.7121013183402826
Eif4b,0.0007946359005854,0.0025903828378144,0.0202223810889232,28.76246149706771,29.17509926616568,29.453460633190208,0.0,0.6061498539740255,0.06475957094536
Pfdn5,0.151981351981352,0.6943278943278944,1.0,-0.0858233571868204,-0.0097527280382973,0.0696146990416777,1.730285028940385,1.715226958926845,0.7464875292855697
Prr13,0.0292392382560989,0.2042206534043663,0.6827510662271137,-0.0076090665737184,29.232278275874464,29.581273893801036,0.0,0.7454174755997478,0.35195095154766437
Pcbp2,0.0938616938616938,0.6125874125874127,1.0,-0.1770791567247393,-0.0311604732634986,0.0622627165771928,1.4206312902491551,1.396215550103045,0.7121013183402826
Atp5g2,0.0037296037296037,0.0721056721056721,0.4634032634032634,0.0524156512574183,0.1284174090793969,0.2147342525638949,1.491250330084185,1.61985920080284,0.17345761560134276
Hnrnpa1,0.280963480963481,0.6943278943278944,1.0,-0.2830040638011007,-0.0476862317754032,0.1065729732322717,1.10392582731793,1.071900894107584,0.7464875292855697
Nckap1l,0.0023049801979101,0.0540064437120849,0.2201475617987384,28.41340292303729,29.50869183720819,29.6701733499652,0.0,0.7640595187033182,0.14240870240870218
Crebbp,0.0980347968077632,0.6477042192622259,1.0,-1.2274379866598015,26.929611965925247,28.43327707968285,0.0,0.1278265212545065,0.744162788273936
Glyr1,0.0025903828378144,0.0191546447804258,0.1479409233004462,26.941726820039644,28.72128290591773,29.277126778424268,0.0,0.4425554238539694,0.10169468667027137
Ubn1,0.0687438363880664,0.530252539023499,1.0,-0.5265422130211056,28.443034996139065,28.90903162879993,0.0,0.3798403879764952,0.6564788946922943
Usp7,0.0191546447804258,0.0980347968077632,0.5039104645747324,0.0,26.99633254923563,28.688971258792357,0.0,0.13387696767703,0.2127678282366289
Ciita,0.0025903828378144,0.0025903828378144,0.0143763260422726,29.449979671505417,29.67029359497941,29.931412661519445,0.0,0.8543746455479502,0.06475957094536
Litaf,0.04009324009324,0.1892773892773893,0.6943278943278944,-0.173636502127255,-0.1039331646534309,-0.0254836173252886,1.58843379785797,1.477732511230625,0.332690534200949
Zc3h7a,0.0191546447804258,0.0449578329938776,0.1905179717373536,0.0,26.99633254923563,28.5702494755254,0.0,0.13387696767703,0.12401078235043053
Rsl1d1,0.0007946359005854,0.0074408008082341,0.0779787345010902,28.38784621916756,28.917478006758515,29.233365089035,0.0,0.5070237212374753,0.08349762270603607
Gspt1,0.0026524381964406,0.0364698303560265,0.2628903364198475,28.79240327863736,29.25444448353105,29.44113340209994,0.0,0.6404207060576934,0.12401078235043053
Sdf2l1,0.0280438836937886,0.1272980462544935,0.3152856482682895,28.577334526770244,29.12317231569106,29.33560804353588,0.0,0.5847206547324502,0.2557615883546538
Ube2l3,0.1892773892773893,0.6943278943278944,1.0,-0.1164100710440645,0.092495313866497,0.3417402681181271,0.876029118427685,0.9348781904142656,0.7464875292855697
Ranbp1,0.0235255986784301,0.1611249492890518,0.6827510662271137,0.0260340129023601,0.4460789661698903,29.66808019748519,0.6002819536797005,0.7758162363428115,0.2990806154566516
Ap2m1,0.0687438363880664,0.6325851216960414,1.0,-0.6605865892828312,28.52134095623053,28.945790008866265,0.0,0.4146680155285462,0.7310448305147348
Eif4g1,0.0074408008082341,0.0191546447804258,0.1905179717373536,0.0,28.494602867689377,28.944611803364943,0.0,0.3782075346062917,0.10169468667027137
Tra2b,0.0064882642630802,0.151981351981352,0.8665112665112666,-0.5941329184143449,-0.2589128369208278,-0.0353860360458203,1.051590029589325,0.8790062960380337,0.28397650914207206
Dnajb11,0.0074408008082341,0.0191546447804258,0.1704181223248704,26.929611965925247,28.72473522262354,29.257023654254667,0.0,0.4436157109035392,0.10169468667027137
Eif4a2,0.0071609681938079,0.0240225178357029,0.1272980462544935,28.720776979778684,29.13886523717582,29.4772389251066,0.0,0.5911156740390273,0.11323263180313418
Ccdc50,0.0314437345458923,0.3700277116622618,1.0,-0.4402357461764495,29.000311596340147,29.420230182678576,0.0,0.6146355025185405,0.5238743588049943
Atp13a3,0.2465045573584016,0.6155996805739075,1.0,0.0,28.03949097952433,28.860543230583065,0.0,0.2758848463275535,0.7135031508999221
Acap2,0.0074408008082341,0.1332470203401324,0.5568598338696402,26.55161786332378,28.607628197648943,29.03282354033153,0.0,0.4090290855377098,0.26159330533972314
Ppp1r2,0.1479409233004462,0.4727139227350589,1.0,-1.981782511261611,27.301505331592907,28.90144247214857,0.0,0.183828208455768,0.6062402580530788
0610012G03Rik,0.0025903828378144,0.0191546447804258,0.0980347968077632,0.0,28.376252834880965,28.990163786340037,0.0,0.3484201525757682,0.10169468667027137
Pak2,0.0938616938616938,0.5358197358197359,1.0,-0.4777854834071876,-0.1874318905225547,0.0346967245212673,1.00852471802139,0.8798199609858768,0.6564788946922943
Nrros,0.1816653005134988,0.6843747548063993,1.0,-0.8143061835697458,-0.0833137061947206,0.4609705791913615,0.657730165735909,0.6315793258865865,0.7464875292855697
Rpl35a,0.3356643356643357,0.778865578865579,1.0,-0.0317929978475431,-0.0026032132227221,0.0236204572076455,3.5137308074496,3.5068832453178773,0.7860293910370559
Itgb5,0.0074338049928734,0.0123932749910412,0.0729980454301154,29.02034450861805,29.65369804856012,29.983389357899547,0.0,0.844602950942362,0.10169468667027137
Slc49a4,0.1671838721972651,0.6694111706224701,1.0,-2.640513646424412,27.77823295797312,28.71250156412125,0.0,0.272406209847246,0.7464875292855697
Parp14,0.0073195403589736,0.0191546447804258,0.0980347968077632,0.0,27.91982858321031,28.944903013001067,0.0,0.2539252423565954,0.10169468667027137
Cd86,0.0139860139860139,0.2318570318570318,0.9550893550893552,-0.0261175730075558,0.1153061000151505,0.2322354558143158,1.401968624546035,1.5030485457130724,0.3822350900815007
Hcls1,0.0037296037296037,0.1261811860006303,0.778865578865579,0.0287212260440083,0.1924665210892852,0.3671983001864751,0.784880462776314,0.8825186891649669,0.25559778702691777
Ndufb4,0.0056142135483653,0.0518299272179096,0.2429082609043239,0.2424854857265387,29.460991898424943,29.646176194205196,0.0,0.7680815269451193,0.1400329770935314
Lrrc58,0.0087227998955471,0.0908723203832037,0.3795808914251254,28.19854303379486,28.987838172338154,29.319244696322208,0.0,0.5323641458351802,0.21164249145852276
Gsk3b,0.0191546447804258,0.0449578329938776,0.3343475784622092,0.0,27.33549842822685,28.714893572245757,0.0,0.1693577092573335,0.12401078235043053
Cox17,0.04009324009324,0.4634032634032634,1.0,-0.4306436082915761,-0.1666974972520155,0.1045102135887293,1.0369725105775,0.9108367665853924,0.5989669144119406
Atp6v1a,0.271160359877409,0.640428787412791,1.0,-0.2048860138701562,0.0960800948124062,0.4596534815678767,0.7771671797588835,0.8280053238196128,0.7379503238858005
Naa50,0.0191546447804258,0.3152856482682895,0.9408026565073496,0.0,26.941726820039644,28.814578824240407,0.0,0.1299159040149882,0.4671388497756029
Cd47,0.3356643356643357,0.778865578865579,1.0,-0.051551586962174,0.0382651798566077,0.1380686009510196,1.30395657230705,1.3379547338641726,0.7860293910370559
Nfkbiz,0.0441363158740108,0.1692825080005217,0.5168677495508638,-0.0546251153861496,29.53061018899996,30.12242322894756,0.0,0.9269466866932324,0.31106819925288265
Rpl24,0.3356643356643357,0.778865578865579,1.0,-0.0107906006577021,0.0392496832617586,0.0959741782064545,2.7303237554359,2.8059236198453625,0.7860293910370559
Pcnp,0.0074408008082341,0.1026841156436345,0.3013890417146279,26.99633254923563,28.27903004735812,29.152669666805288,0.0,0.3257138988860117,0.21740125505722482
Filip1l,0.0424096121456555,0.0980347968077632,0.5039104645747324,0.0,27.05914346200553,28.420585115908104,0.0,0.1398343396757095,0.2127678282366289
Cldnd1,0.1704181223248704,0.6477042192622259,1.0,0.0,26.52118715014576,28.289439687237778,0.0,0.0963103249799625,0.744162788273936
Cggbp1,0.2422336778552193,0.7199178531944465,1.0,-1.108022103180527,0.1714092227131082,29.26627342860207,0.546666222544187,0.551681709939013,0.7710616920059825
Samsn1,0.0074408008082341,0.0449578329938776,0.3013890417146279,0.0,27.95779049980389,29.05377247236608,0.0,0.260695509972604,0.12401078235043053
Nrip1,0.0025903828378144,0.0516999549363111,0.3001728485879988,27.834880781596823,28.823089856293237,29.1520127928212,0.0,0.474913607642665,0.1400329770935314
Atp5j,0.0093240093240093,0.1205905205905206,0.778865578865579,0.0332556062914549,0.1733093243037457,0.3189318985809543,1.15930125268211,1.2969918277972623,0.2447752088039858
App,0.0938616938616938,0.3968919968919969,0.9550893550893552,0.0082231377354844,0.102661941778158,0.1779129939664001,1.42325256811428,1.527890852641205,0.5383665479819326
Cct8,0.0123932749910412,0.1202328005368122,0.6695685375744856,25.937782458513485,28.99738694491653,29.3514824013639,0.0,0.5379410976930921,0.2447752088039858
Bach1,0.0370731471147282,0.0638399918688504,0.164537455843051,-1.2868211516569652,-0.8380204182248443,-0.5667768953284247,1.28489454938556,0.7170010580117607,0.1608214080879841
Sod1,0.0729980454301154,0.3700277116622618,0.95344003441657,-0.2691698928385903,0.4069761759438582,29.446387040768595,0.512564987330013,0.6435895722029243,0.5238743588049943
Synj1,0.0074408008082341,0.1905179717373536,0.9499559814709728,0.0,28.44542623709009,29.05862101679597,0.0,0.3655329535674412,0.332690534200949
Ifnar2,0.054079254079254,0.3356643356643357,0.9550893550893552,0.0287498481632066,0.1667751286331876,0.2991580835031169,1.0921213399278,1.2316600257951464,0.4786549190881321
Il10rb,0.0124912524466838,0.1351662724159878,0.5958830905651777,-3.170603333087849,-0.7581407732865135,-0.2576092797023656,0.73435071546741,0.4271396233516972,0.26509770409292543
Ifnar1,0.0289044289044289,0.2318570318570318,0.778865578865579,-0.0026773542921516,0.1855654679512133,0.3262759003104972,1.1749984328829,1.3602470882332225,0.3822350900815007
Ifngr2,0.1828122916824256,0.6943278943278944,1.0,-0.1676575449980441,0.0514927720867036,0.4417028836258297,0.7956493749359914,0.8090467349572366,0.7464875292855697
Son,0.3356643356643357,0.778865578865579,1.0,-0.1454388203185469,-0.0635485006183539,0.0626327469907581,1.5815282445044851,1.5071840623101729,0.7860293910370559
Atp5o,0.0289044289044289,0.3356643356643357,0.9550893550893552,-0.0917613193029396,0.1448671534021018,0.3898069744082526,0.795682697992017,0.867132784948409,0.4786549190881321
Runx1,0.0721056721056721,0.3356643356643357,0.8665112665112666,-0.4493713322867971,-0.1466758574453568,0.0634398879841744,1.153777520907175,1.0434596349956735,0.4786549190881321
Morc3,0.0191546447804258,0.0449578329938776,0.203551256135826,0.0,26.334803212688985,28.08872334936775,0.0,0.0846788546286667,0.12401078235043053
Ets2,0.0938616938616938,0.4174708539811019,0.9550893550893552,-0.2893226008325661,-0.123422409295646,0.0428512336980861,0.988929829147608,0.9238800886329348,0.5624181013729033
Hmgn1,0.0449578329938776,0.3152856482682895,1.0,0.0,26.57083842717998,28.350385204760848,0.0,0.0996826034641167,0.4671388497756029
Gtf2h5,0.0025903828378144,0.0449578329938776,0.5039104645747324,0.0,28.47612316372987,29.16458457719531,0.0,0.3733939108168562,0.12401078235043053
Ezr,0.1513706555507388,0.6325851216960414,1.0,-0.8472633894913253,0.6253453920424548,29.32503826770529,0.307021887488191,0.5284039978260264,0.7310448305147348
Rnaset2a,0.0060562738692192,0.0430058933601486,0.1332470203401324,28.76398624196628,28.968530504038547,29.166810932159763,0.0,0.525286949614785,0.12401078235043053
Mpc1,0.0071609681938079,0.0292392382560989,0.1514939924042201,28.99821991129112,29.29004809868027,29.5255993561128,0.0,0.6582831520035056,0.12401078235043053
Qk,0.1321178224188759,0.5624846616632901,1.0,-0.3812296805616174,-0.1526503719932011,0.062820214638587,0.929836676818177,0.8362381112963164,0.6836352041753834
Tcp1,0.0280438836937886,0.2585954908026854,0.9513641829362992,-0.0207218432899444,28.829392183695457,29.330587239194035,0.0,0.4830571409267255,0.41088181362454035
Sod2,0.1178837571664433,0.4634032634032634,1.0,-0.3727814642337212,-0.1643750608592803,0.1404489146791398,0.977613507595475,0.8547641151122585,0.5989669144119406
Psmb1,0.0003108003108003,0.0205128205128205,0.280963480963481,0.2614698921745841,0.4642626618058799,0.6455280285314791,0.797053110709868,1.0986984496184524,0.10361335169519305
Lnpep,0.0007946359005854,0.0123932749910412,0.1202328005368122,28.96969333707913,29.307650016188905,29.578007163453364,0.0,0.6644797595960442,0.10169468667027137
Fpr2,0.018861798681121,0.0449578329938776,0.0980347968077632,0.0,27.038756003981124,28.68570944350289,0.0,0.1378721663141327,0.12401078235043053
Hcfc1r1,0.0074408008082341,0.0191546447804258,0.0980347968077632,0.0,27.92011939332641,28.852288515382867,0.0,0.253976432296558,0.10169468667027137
Srrm2,0.151981351981352,0.5358197358197359,1.0,-0.1308479352166884,-0.0551172762098722,0.0415980175980129,1.571882143301665,1.5155405252383924,0.6564788946922943
Elob,0.1883449883449884,0.6943278943278944,1.0,-0.1914105068539204,-0.0170362277262811,0.1646388798462891,1.31923429626289,1.3011016971455571,0.7464875292855697
Atp6v0c,0.0021756021756021,0.054079254079254,0.3356643356643357,0.0468989363068967,0.1051831247394299,0.1580872315432397,2.28425228445576,2.4603413280233357,0.14240870240870218
Rps2,0.04009324009324,0.1892773892773893,0.5358197358197359,-0.2676605531340127,-0.1395255039490271,-0.0459321126676578,2.24765092549364,2.044799308953984,0.332690534200949
Ndufb10,0.1405268622398786,0.6325851216960414,1.0,-0.907762710669454,28.269660856299197,29.281488663086375,0.0,0.5199536785715915,0.7310448305147348
Msrb1,0.008969389134836,0.0702942294187667,0.3164717878479781,0.2465313589802669,0.6799935671769917,29.93051368222918,0.563902796892991,0.9099157909145176,0.17345761560134276
Ube2i,0.1476485888064738,0.5624846616632901,1.0,-0.55766770990045,-0.107194676258464,0.1214619702804484,0.7381558978956726,0.6822560710086283,0.6836352041753834
Dusp1,0.04009324009324,0.3356643356643357,0.9550893550893552,-0.8146661899916927,-0.3236354518975387,0.109597860483659,1.68477938162952,1.3694193592621748,0.4786549190881321
Atp6v0e,0.04009324009324,0.1892773892773893,0.4634032634032634,-0.2864796536177523,-0.1261541758893148,-0.0409611645282888,1.51815382941634,1.3913010434051376,0.332690534200949
Cuta,0.0583453023368575,0.2414967793951539,0.6477042192622259,0.0,28.44430521115041,28.943231804283265,0.0,0.365249031636797,0.3915896053410747
Uqcc2,0.0025903828378144,0.0449578329938776,0.5039104645747324,0.0,28.182501643654508,29.021596824387395,0.0,0.304633981157581,0.12401078235043053
Rps10,0.2318570318570318,0.6125874125874127,1.0,-0.0759748648654758,-0.0300305105533371,0.012679747404698,3.12397179370585,3.058231749164825,0.7121013183402826
Ilrun,0.0025903828378144,0.0191546447804258,0.0449578329938776,26.52118715014576,28.495725323690507,28.873198942447644,0.0,0.3785019048601454,0.10169468667027137
Rpl10a,0.1892773892773893,0.778865578865579,1.0,-0.0584581875510365,0.0031653100478365,0.0722283600901902,2.48535855615283,2.47749975355925,0.7860293910370559
Srsf3,0.0721056721056721,0.3968919968919969,0.9550893550893552,-0.245741613536602,-0.1007220738198166,0.0256917310656721,1.217484053114665,1.1343075914886525,0.5383665479819326
Cdkn1a,0.0003108003108003,0.0003108003108003,0.0205128205128205,-0.5134412172648748,-0.3483505070263621,-0.2190575149862768,2.16421034895148,1.6952303194581049,0.055802783075508414
Pim1,0.0003108003108003,0.0205128205128205,0.4634032634032634,-0.4375823015525992,-0.3176770316134275,-0.183727080548542,2.03791490358248,1.639044646454325,0.10361335169519305
Zfand3,0.0074408008082341,0.0449578329938776,0.203551256135826,0.0,26.958945094005514,28.690604742685505,0.0,0.1304521140334272,0.12401078235043053
Glo1,0.0449578329938776,0.3013890417146279,0.8904027809514472,0.0,26.79084575319095,27.453782932250025,0.0,0.1161042659824252,0.4533460452295431
Ndufv3,0.0011915043302341,0.0060656947207601,0.0410262578859116,29.440444704329607,29.65100258716985,29.714664877095835,0.0,0.8430264090072928,0.08349762270603607
U2af1,0.0830811869664738,0.5958830905651777,1.0,-29.26468044364333,-1.226133305302492,28.474059036092825,0.5571233871899085,0.1161042659824252,0.7121013183402826
Brd4,0.097837826325003,0.4513629851407167,1.0,0.0,26.99633254923563,28.93029747386044,0.0,0.13387696767703,0.5989669144119406
Myo1f,0.0025903828378144,0.0074408008082341,0.0449578329938776,26.851566100441485,28.735218892106044,29.20708690549068,0.0,0.4468511164281234,0.08349762270603607
Hnrnpm,0.0139553926052987,0.2226536979813717,0.9536916548852497,-0.6474329431027877,-0.1841756362353078,0.0196427050558141,0.826879517624007,0.7368761804346056,0.376168565879563
Rab11b,0.0074408008082341,0.1905179717373536,0.860451769842485,0.0,28.02807979982076,28.700041940577723,0.0,0.2737113073527395,0.332690534200949
Rps28,0.4634032634032634,0.8665112665112666,1.0,-0.0565667478426374,-0.0013050866557522,0.0416250890262916,3.2781910331464053,3.276864089165275,0.8665112665112666
Ndufa7,0.0059052059052059,0.1205905205905206,0.6943278943278944,0.0247538464987096,0.2218645101606171,0.4142611017924416,0.828346189777067,0.9661818467700464,0.2447752088039858
Tapbp,0.0012432012432012,0.0093240093240093,0.0721056721056721,0.3498637807880456,0.5373791193311086,0.7135752536745771,0.8404998255511633,1.2296188055419075,0.09161650952695705
Rps18,0.280963480963481,0.778865578865579,1.0,-0.0627198186808924,0.0033023133919011,0.0669579074562056,2.79985800837221,2.805306068839315,0.7860293910370559
H2-K1,0.0003108003108003,0.0003108003108003,0.0003108003108003,0.3358452971752398,0.3786670801731552,0.4259500428230349,2.65943639248535,3.4620068248135274,0.055802783075508414
Brd2,0.0205128205128205,0.0938616938616938,0.3985547785547771,-0.4554153819349713,-0.2594543614282135,-0.1206842674186502,1.24300619595647,1.0365034263112427,0.2127678282366289
H2-DMa,0.2318570318570318,0.778865578865579,1.0,-0.0908009939943692,0.0033286790669103,0.082578923060307,2.25271568156928,2.261201464514685,0.7860293910370559
H2-DMb2,0.0074408008082341,0.0383449826006377,0.2465045573584016,28.48224206378045,29.087014457908488,29.334872614694135,0.0,0.5702480848318434,0.12401078235043053
H2-DMb1,0.2318570318570318,0.6943278943278944,1.0,-0.0588632086634305,0.0043700490668042,0.0888070063980701,2.063619526729895,2.0602499029021226,0.7464875292855697
Psmb9,0.001007584468392,0.0056142135483653,0.0120737972431228,29.89263948048267,30.03928367077482,30.20770163038039,0.0,1.1033808260858422,0.08349762270603607
Tap1,0.0025903828378144,0.0025903828378144,0.0143763260422726,29.188263464818345,29.60503659346337,29.942678731202747,0.0,0.816589961866383,0.06475957094536
Psmb8,0.0003108003108003,0.0003108003108003,0.0006371406371406,0.5811386315484602,0.6722323824491048,0.7942169953525154,1.17208625133892,1.85897516166432,0.055802783075508414
Tap2,0.0007946359005854,0.0074408008082341,0.1026841156436345,28.148051121466885,29.07356339745972,29.410186794297022,0.0,0.5649560502962421,0.08349762270603607
H2-Ab1,0.054079254079254,0.151981351981352,0.5377389277389261,0.0229792977891797,0.0463964793731443,0.0626642088516208,4.67962013495235,4.841495743103413,0.28397650914207206
H2-Aa,0.280963480963481,0.6125874125874127,1.0,0.0102233861390552,0.0283304435988508,0.0445998349587513,4.739121665367645,4.830246264397463,0.7121013183402826
H2-Eb1,0.0203496503496503,0.151981351981352,0.4634032634032634,0.0365534449386344,0.0601573071994309,0.0753910514939325,4.5768245972648,4.773756716506608,0.28397650914207206
Gpsm3,0.0007946359005854,0.0074408008082341,0.0191546447804258,28.278603306707996,29.04137957181598,29.33380787115093,0.0,0.5524929121758315,0.08349762270603607
Ppt2,0.0191546447804258,0.0449578329938776,0.203551256135826,0.0,26.99633254923563,28.555715090983067,0.0,0.13387696767703,0.12401078235043053
Cfb,0.0025903828378144,0.0191546447804258,0.0449578329938776,27.240919726767235,29.211335562241874,29.737703933473185,0.0,0.6215673834722876,0.10169468667027137
Clic1,0.2318570318570318,0.6943278943278944,1.0,-0.106704804091052,0.0249752729989113,0.1686798272461898,1.46917291948661,1.51238002945593,0.7464875292855697
Aif1,0.0003108003108003,0.0006216006216006,0.0139860139860139,0.2719726687064678,0.3631073588695214,0.4504162762734497,1.95162327032171,2.507195430503545,0.060361765525237115
Lst1,0.0006216006216006,0.0093240093240093,0.0721056721056721,0.3394500355467174,0.4678204472460842,0.607556410606933,1.53279054758662,2.10601600829923,0.09161650952695705
Tnf,0.0449578329938776,0.2414967793951539,0.6791567288705544,0.0,26.79084575319095,28.27587206539271,0.0,0.1161042659824252,0.3915896053410747
Ddx39b,0.0191546447804258,0.2414967793951539,0.9408026565073496,0.0,27.038756003981124,28.541887669320523,0.0,0.1378721663141327,0.3915896053410747
H2-D1,0.0003108003108003,0.0003108003108003,0.0006216006216006,0.2347636531177864,0.2754361542671928,0.3187408192123372,2.72896847399749,3.3029791133726025,0.055802783075508414
H2-Q6,0.0007946359005854,0.0007946359005854,0.0025903828378144,29.15506320750124,29.3599316907509,29.552825441673956,0.0,0.6890014072476043,0.060361765525237115
H2-Q7,0.0013213216663899,0.0013213216663899,0.0014457807008947,1.3248384868008984,30.742762131197427,30.83039909890703,0.0,1.822554857996105,0.06475957094536
Ier3,0.0139860139860139,0.0289044289044289,0.151981351981352,-1.195289080175825,-0.8376986335730678,-0.5634557410689869,2.0181744505838,1.1337158487645298,0.12401078235043053
Tubb5,0.0023049801979101,0.0173711500544092,0.1272980462544935,28.76189724748909,29.29140235295232,29.550701828039465,0.0,0.6570383552191468,0.10169468667027137
Ppp1r18,0.0074408008082341,0.0449578329938776,0.203551256135826,0.0,27.038756003981124,28.649636052917565,0.0,0.1378721663141327,0.12401078235043053
H2-T23,0.0013213216663899,0.0014034822813198,0.0030599755224886,0.843548364222718,1.104057465769817,30.516913957690843,0.708335792370668,1.498279651713955,0.06475957094536
H2-T22,0.0007946359005854,0.0025903828378144,0.0074408008082341,28.71590604855972,29.13625297125431,29.41745421608861,0.0,0.5900463183210161,0.06475957094536
H2-M2,0.0007946359005854,0.0025903828378144,0.0074408008082341,29.550292651924604,30.20616405853533,30.535280721374804,0.0,1.2386865878912752,0.06475957094536
Gm26917,0.0191546447804258,0.0449578329938776,0.0980347968077632,0.0,27.826068939537624,28.84974986756418,0.0,0.2379476447285832,0.12401078235043053
Gm42418,0.0139860139860139,0.0721056721056721,0.3968919968919969,-0.2184107572363882,-0.1782996081840467,-0.1136750125789391,3.67269591793694,3.23633626882443,0.17345761560134276
AY036118,0.054079254079254,0.2318570318570318,0.6125874125874127,-0.2405815343990835,-0.1309087046154819,-0.0030342931064072,1.90358930673441,1.744598367721705,0.3822350900815007
Cd2ap,0.0059521576400833,0.05582929463924,0.2585954908026854,27.478383343643525,28.94277816797559,29.424505361186046,0.0,0.5159936838479703,0.14413445348039086
Pla2g7,0.0003108003108003,0.0139860139860139,0.0938616938616938,0.2292913565148978,0.3336340291819082,0.464559098730919,1.578775835870165,1.9795431280389373,0.10169468667027137
Cdc5l,0.0025903828378144,0.0449578329938776,0.3607243147431493,0.0,28.26941530030581,28.89856088653326,0.0,0.3235504170325642,0.12401078235043053
Nfkbie,0.2628903364198475,0.6843747548063993,1.0,-0.6867305569278115,-0.0888279032678378,1.419580145636267,0.747065156999247,0.6898727243769353,0.7464875292855697
Hsp90ab1,0.151981351981352,0.5358197358197359,1.0,-0.0175379138117914,0.0413108169136868,0.0889016615639486,2.41667652406646,2.485273462818375,0.6564788946922943
Mrpl14,0.0074408008082341,0.0449578329938776,0.3343475784622092,0.0,27.22257005236183,28.767941982873857,0.0,0.1566066292506757,0.12401078235043053
Vegfa,0.2318570318570318,0.6943278943278944,1.0,-0.5492101916248671,-0.0118178562269275,0.4647503051846278,0.7885119226418884,0.7940123191439425,0.7464875292855697
Tomm6,0.151981351981352,0.6943278943278944,1.0,-0.1565023973887079,-0.0251616108086479,0.1026295051468355,1.015984571174298,0.9988123482372504,0.7464875292855697
Mydgf,0.0191546447804258,0.0980347968077632,0.4140017389158428,0.0,27.038756003981124,28.42339156734457,0.0,0.1378721663141327,0.2127678282366289
Safb2,0.0191546447804258,0.3013890417146279,1.0,0.0,27.040225591281025,28.60503114361004,0.0,0.1380126800134207,0.4533460452295431
Micos13,0.0007946359005854,0.0123932749910412,0.0779787345010902,28.555715090983067,29.084294411307347,29.34520509757787,0.0,0.5691739561873785,0.10169468667027137
Rpl36,0.3356643356643357,0.778865578865579,1.0,-0.0769526697832529,0.0078385846347868,0.0709394686186068,2.7432029352349474,2.754940534857759,0.7860293910370559
Ndufa11,0.0087227998955471,0.0729980454301154,0.5908087369280278,28.676630516236763,29.16989912387428,29.4317250694446,0.0,0.60462314610338,0.1751775695315649
C3,0.0010130446880794,0.0011915043302341,0.0023049801979101,30.159595795734283,30.33431760596945,30.43688045584544,0.0,1.3537532026642125,0.06475957094536
Adgre1,0.1046062978887944,0.5358197358197359,1.0,-0.5035337095110005,0.086488641534133,0.4351885378345597,1.3898232921440423,1.441987602745825,0.6564788946922943
Man2a1,0.0421649312533629,0.3164717878479781,0.9541861105371596,-0.2855908285178945,0.3348061879092713,29.442881804181653,0.510958992664561,0.6200154512956595,0.4671388497756029
Vapa,0.1892773892773893,0.6125874125874127,1.0,-0.506773044362674,-0.1148419191406178,0.1647169867465432,0.95421916981605,0.8762286027584779,0.7121013183402826
Ralbp1,0.0074408008082341,0.0449578329938776,0.3343475784622092,0.0,28.266345231929904,29.00374482028297,0.0,0.3229007062712935,0.12401078235043053
Ndufv2,0.0025903828378144,0.0191546447804258,0.3013890417146279,26.55161786332378,28.482667088547792,29.021724948076177,0.0,0.3750914363908285,0.10169468667027137
Tgif1,0.0725931484850583,0.4634032634032634,1.0,-0.1012913232919822,0.2479063719536241,0.4908557724171241,0.7577276154406536,0.9019111537039678,0.5989669144119406
Myl12b,0.0286946386946387,0.280963480963481,0.9550893550893552,-0.0140427046481894,0.1195548189338359,0.2600301512689575,1.06363602961919,1.1619733787037374,0.43115996495949876
Myl12a,0.0938616938616938,0.6125874125874127,1.0,-0.2660667901596532,-0.0335795221395104,0.161579674267295,1.06212314292457,1.0403786336171077,0.7121013183402826
Lpin2,0.1048818005561559,0.6843747548063993,1.0,-0.796735981557924,-0.2426579008632868,0.2336326724316001,0.851404081987319,0.7239185431854323,0.7464875292855697
Emilin2,0.0003108003108003,0.0014034822813198,0.0014457807008947,-2.4962792200014303,-1.343756795889094,-0.9177931052473568,1.414703364028795,0.5489905562842967,0.06475957094536
Smchd1,0.1178837571664433,0.52296164404117,1.0,-0.2350295339066149,0.0393277473473916,0.3234765268923051,0.847488381940531,0.8648483618211542,0.6564788946922943
Birc6,0.0677460138406892,0.2997853409038892,0.7199178531944465,0.236822677439988,29.277339051963583,29.55945715256524,0.0,0.6740521600800963,0.4533460452295431
Cebpz,0.0901559774973563,0.3152856482682895,0.9499559814709728,0.0,26.57083842717998,28.678858501835805,0.0,0.0996826034641167,0.4671388497756029
Hnrnpll,0.0537154837055584,0.2465045573584016,0.7603899357833063,-29.4468740844768,-29.225746997619986,0.0,0.6756750746410655,0.0,0.394580431332441
Srsf7,0.0059052059052059,0.042658103683907,0.3235693319047432,-0.7226078555433704,-0.4320496507891673,-0.1404990576940882,0.9646673021210606,0.7265322679235381,0.12401078235043053
Eml4,0.0025903828378144,0.0191546447804258,0.0980347968077632,0.0,28.22965666388497,28.91085533167197,0.0,0.314755568191204,0.10169468667027137
Cox7a2l,0.0012432012432012,0.0205128205128205,0.2318570318570318,0.2142848347574369,0.3729149443424163,0.5116084238961068,1.02233440974552,1.3129714491386577,0.10361335169519305
Zfp36l2,0.0721056721056721,0.6125874125874127,1.0,-0.3133697971295929,-0.0529488083715548,0.1622424678917236,1.27638058504104,1.2195785934864394,0.7121013183402826
Rhoq,0.0191546447804258,0.0449578329938776,0.113048723731741,0.0,27.038756003981124,28.176104032745496,0.0,0.1378721663141327,0.12401078235043053
Calm2,0.04009324009324,0.151981351981352,0.5358197358197359,-0.4203467243731651,-0.2581953096503784,-0.0494632297550582,1.50343605343155,1.263434746572317,0.28397650914207206
Fbxo11,0.0687438363880664,0.2414967793951539,0.6791567288705544,0.0,27.20505609531816,28.52462953783281,0.0,0.1547169571999942,0.3915896053410747
Crem,0.0042232887177029,0.0391701660299839,0.2997853409038892,-29.865853092681338,-3.1375112791023145,-1.634970848307122,0.8889028989759,0.107495530695156,0.12401078235043053
Kif5b,0.0175710667676868,0.1205905205905206,0.6125874125874127,-0.5069576584056227,-0.2798058600658035,-0.1170792735541257,0.917883687142397,0.7640769268702134,0.2447752088039858
Rab18,0.0191546447804258,0.0449578329938776,0.0980347968077632,0.0,27.36552415676741,28.743980949987037,0.0,0.1729193585132359,0.12401078235043053
Mpp7,0.00340809957091,0.0292392382560989,0.1753258176208659,0.4307780756827039,29.528942265937523,29.798178937611397,0.0,0.7805946715792247,0.12401078235043053
Wac,0.0980347968077632,0.5721700122963419,1.0,0.0,26.929611965925247,28.530210426035264,0.0,0.1278265212545065,0.694978950974954
Rock1,0.1205905205905206,0.5358197358197359,1.0,-0.1400804396823329,0.0964237852469863,0.3211528704572741,0.9786729214857786,1.0550948432406826,0.6564788946922943
Snrpd1,0.1026841156436345,0.4867378340949047,1.0,-1.3016387157897409,28.23612468303429,29.04243201103468,0.0,0.3687467470484895,0.623415838091723
Riok3,0.1065255878178498,0.5958830905651777,1.0,-1.0783107395819,0.3779922044968367,29.239655366256116,0.449772813510279,0.5200149053308042,0.7121013183402826
Npc1,0.0191546447804258,0.1479409233004462,0.5625488430004827,0.0,26.929611965925247,28.77672439670492,0.0,0.1278265212545065,0.28397650914207206
Impact,0.0327788695088586,0.1332470203401324,0.5568598338696402,26.290011306698624,28.42368498657984,29.086030813295476,0.0,0.3600657122534905,0.26159330533972314
Galnt1,0.0025903828378144,0.0087227998955471,0.0779787345010902,28.03949097952433,29.07090745668464,29.4846036312453,0.0,0.5639169450939567,0.09161650952695705
Srp19,0.0074408008082341,0.0980347968077632,0.5625488430004827,0.0,27.038756003981124,28.481445158394727,0.0,0.1378721663141327,0.2127678282366289
Reep5,0.3356643356643357,0.778865578865579,1.0,-0.1284021009239876,0.1075810625867294,0.3070594939329827,0.841551277298796,0.9103135061730984,0.7860293910370559
Etf1,0.0139860139860139,0.2318570318570318,0.8665112665112666,-0.372021230802938,-0.1346495373694931,0.0198051790003593,1.02119635637817,0.926666720468344,0.3822350900815007
Hspa9,0.1611133175075183,0.6835629105167564,1.0,-1.3609073831388634,-0.1599315943342414,29.23173666261208,0.6389954386474025,0.5341199733426655,0.7464875292855697
Ctnna1,0.0191546447804258,0.3013890417146279,0.9220850727491524,0.0,26.15182089383776,28.295470765140493,0.0,0.074555987088821,0.4533460452295431
Matr3,0.0074408008082341,0.0449578329938776,0.5625488430004827,0.0,27.038756003981124,28.68039747296708,0.0,0.1378721663141327,0.12401078235043053
Paip2,0.0874803339251971,0.3602408127769453,0.953446324928287,-0.518767852714984,0.1890398864655225,29.446103818264277,0.563902796892991,0.6357780924910035,0.5125904936847745
Ube2d2a,0.1828417017123981,0.6637534799050209,1.0,-0.344904945383465,0.0263000159661809,0.3323203215124014,0.834477892848759,0.8252021032512336,0.7464875292855697
Ankhd1,0.0191546447804258,0.0449578329938776,0.203551256135826,0.0,26.79084575319095,27.963357922588205,0.0,0.1161042659824252,0.12401078235043053
Sra1,0.0025903828378144,0.0074408008082341,0.0518660886213246,28.43966216244327,28.96382104622751,29.186004554877112,0.0,0.5235750261979177,0.08349762270603607
Cd14,0.0093240093240093,0.0205128205128205,0.04009324009324,-0.3631365508957287,-0.2871731332049912,-0.2119343922539392,3.35314619478413,2.7404733015595752,0.10361335169519305
Ndufa2,0.1205905205905206,0.6125874125874127,1.0,-0.0674372119589816,0.0708556755502383,0.1906481024543529,1.17145237295819,1.2327486227162123,0.7121013183402826
Ik,0.0071609681938079,0.0549178691756624,0.3164717878479781,28.860702530857115,29.334910552594742,29.5732225610496,0.0,0.67744983742248,0.14413445348039086
Zmat2,0.0025903828378144,0.0191546447804258,0.2414967793951539,27.22213220343574,28.623378525310542,29.165561158722102,0.0,0.4135190413165067,0.10169468667027137
Diaph1,0.0553192420704978,0.376759117811582,0.953011395422729,-1.524911984673816,-0.4875073156146883,0.0849244263303301,0.756575325222425,0.5396948574627205,0.5322598409712979
Ndfip1,0.2230335723479158,0.778865578865579,1.0,-0.4313998899504359,-0.1530476422156024,0.0779441758750885,0.8683992353603075,0.7877105162833584,0.7860293910370559
Fem1c,0.0003108003108003,0.0172688724201217,0.151981351981352,-1.4074066413771655,-1.0528623949698284,-0.6535555647833413,1.16458276466842,0.5694652034665757,0.10169468667027137
Tmed7,0.0101774423782037,0.0687438363880664,0.4278251278478543,28.82668313111685,28.945790008866265,29.27710228069501,0.0,0.517072022764279,0.17077871303953604
Eif1a,0.0093240093240093,0.1305569170431816,0.5207597818041769,-0.8479088023778072,-0.3284724066662292,-0.1399644988956525,0.9613485201263046,0.765175126767843,0.26151106608548036
Ap3s1,0.0074408008082341,0.0191546447804258,0.0980347968077632,0.0,28.099065413849445,28.888714827942717,0.0,0.2875156824888035,0.10169468667027137
Tnfaip8,0.0798387196458526,0.3209116751597887,0.95344003441657,-1.3871983739611695,-0.6515951143880611,-0.2520989034524175,0.818752901542749,0.525286949614785,0.4729854913735692
Snx2,0.0191546447804258,0.0449578329938776,0.0980347968077632,0.0,27.712252909407997,28.68125971265913,0.0,0.2198970337993992,0.12401078235043053
Isoc1,0.0025903828378144,0.0074408008082341,0.0449578329938776,27.70937319091805,28.77771663014719,28.96915377952996,0.0,0.4602098517914424,0.08349762270603607
Smim3,0.0239017976171966,0.2628903364198475,0.8616968286082338,-1.7554961461639214,-0.7201780256918908,-0.2870228727080074,0.776882747199842,0.4694023294465802,0.4160323833567298
Dctn4,0.0074408008082341,0.0449578329938776,0.203551256135826,0.0,27.391785962940357,28.70700717436757,0.0,0.1760958848672835,0.12401078235043053
Rps14,0.0721056721056721,0.280963480963481,0.8665112665112666,-0.107530605173288,-0.0563267196408411,-0.0077948896324343,3.23842082317926,3.11813090207329,0.43115996495949876
Cd74,0.0289044289044289,0.1205905205905206,0.4634032634032634,0.011396272770657,0.0425798218551818,0.0647859275840222,5.44339885494305,5.61441950561882,0.2447752088039858
Csf1r,0.0938616938616938,0.280963480963481,0.6943278943278944,0.0535428631147078,0.122649953953151,0.1956388055666306,2.03862302633411,2.210236532784435,0.43115996495949876
Csnk1a1,0.0289044289044289,0.280963480963481,0.9550893550893552,-0.3511143526519493,-0.1342163418122099,0.0542162741812653,1.19622392527256,1.092265657546668,0.43115996495949876
Txnl1,0.0382981037945224,0.2607429136112664,0.9081878036691696,-0.2146088295021714,29.08235051871924,29.48450769739961,0.0,0.6256581727255315,0.41362831677289247
Nars,0.0441363158740108,0.530252539023499,1.0,-0.4153953568124726,28.7461243882375,29.102201535618285,0.0,0.4554981077632387,0.6564788946922943
Malt1,0.04009324009324,0.2318570318570318,0.778865578865579,0.1312609910930459,0.352030024694181,0.5999928325994028,1.444646026745165,1.8327986224702948,0.3822350900815007
Sec11c,0.0919207646368754,0.6125874125874127,1.0,-0.1844915274778703,0.0615576196438669,0.2529959475917272,0.748268587042754,0.784572104263464,0.7121013183402826
Lman1,0.0191546447804258,0.0449578329938776,0.4140017389158428,0.0,27.391785962940357,28.842844026354022,0.0,0.1760958848672835,0.12401078235043053
Tubb6,0.0156942952060345,0.0617066900283126,0.3235367862420667,-1.8353876411817645,-0.8557109783265133,-0.5256561374790287,0.9347508007703448,0.5237090221274414,0.15584490128633935
Tcf4,0.00340809957091,0.0240225178357029,0.1885934421817633,28.78650220749908,29.32957677644958,29.589160406573907,0.0,0.6746559722233223,0.11323263180313418
Mbd2,0.0025903828378144,0.0191546447804258,0.0980347968077632,0.0,28.41792065102195,28.988056303991517,0.0,0.3586299281072407,0.10169468667027137
Rpl17,0.3968919968919969,0.8665112665112666,1.0,-0.0728951611625069,-0.0143746615849501,0.0719283401007774,2.9851977848392126,2.9662524185654977,0.8665112665112666
BC031181,0.0025903828378144,0.0074408008082341,0.0191546447804258,28.359014146671328,28.913759138341497,29.14838358412229,0.0,0.5057184371988614,0.08349762270603607
Ier3ip1,0.0166710088037554,0.1173904723861815,0.6125874125874127,-0.0172386847197753,0.4517550847448883,29.737542779487264,0.584428733058669,0.7956265591124138,0.2447752088039858
Atp5a1,0.0938616938616938,0.4634032634032634,0.9550893550893552,-0.0326400198481382,0.1439298969905368,0.2786386692002757,1.248510036701485,1.386455062760425,0.5989669144119406
Gm16286,0.2022630291179179,0.7199178531944465,1.0,-1.3274120068270383,-0.2097648493463111,29.1596084001006,0.5783103246938465,0.5027997574442677,0.7710616920059825
Nfatc1,0.0074408008082341,0.0449578329938776,0.0980347968077632,0.0,27.301505331592907,28.88878699224689,0.0,0.1654139105655832,0.12401078235043053
Cndp2,0.0142769489529344,0.1272980462544935,0.5178675516588322,27.93368886431517,28.82596657910592,29.2188574541856,0.0,0.4758615264820827,0.2557615883546538
Cyb5a,0.0023049801979101,0.0231509519852463,0.1443765231983298,29.127374263778236,29.46181393365733,29.590307832078643,0.0,0.7396368376328641,0.11317606477936001
Chka,0.0074408008082341,0.0191546447804258,0.0980347968077632,0.0,27.77877187090345,28.746981219690248,0.0,0.230273294256553,0.10169468667027137
Tcirg1,0.0007946359005854,0.0007946359005854,0.0025903828378144,29.486697830496457,29.62505776355422,29.753633218292272,0.0,0.8280012827186101,0.060361765525237115
Unc93b1,0.0006216006216006,0.0139860139860139,0.151981351981352,0.1461215098121001,0.2415859946150569,0.3492605183799002,1.6448277365908748,1.9390109358268413,0.10169468667027137
Cdk2ap2,0.1751747348803573,0.6325851216960414,1.0,-2.3224075897174634,-0.3950027382979537,28.886357150485463,0.646454052713285,0.4889314721027155,0.7310448305147348
Tmem134,0.0007946359005854,0.0087227998955471,0.0942643068412102,28.6453813738828,29.15125208709649,29.395260597133245,0.0,0.596212790462095,0.09161650952695705
Ppp1ca,0.2318570318570318,0.778865578865579,1.0,-0.1220326358892973,0.0779756304704887,0.2653270352812037,0.989527609416271,1.0417784027829344,0.7860293910370559
Pold4,0.0156149934439854,0.1289960116674872,0.660644057157122,0.0427758666012304,29.285277539408376,29.61787857300281,0.0,0.6791169804808566,0.25864682542465706
Grk2,0.0010130446880794,0.0038849847804668,0.0421649312533629,29.2839008339818,29.526444495337344,29.66596051024765,0.0,0.7732954553527375,0.07910149424146319
Kdm2a,0.0191546447804258,0.0583453023368575,0.4140017389158428,0.0,27.17845093855188,28.694767925334123,0.0,0.1518899241835357,0.1479229423816349
Rab1b,0.0074408008082341,0.0449578329938776,0.0980347968077632,0.0,27.391785962940357,28.767309890025658,0.0,0.1760958848672835,0.12401078235043053
Sf3b2,0.0060562738692192,0.0441363158740108,0.1116117682982922,29.25633458509444,29.491471725904265,29.64349816956036,0.0,0.7547751709531555,0.12401078235043053
Banf1,0.0449578329938776,0.3013890417146279,0.8040040579628547,0.0,26.79084575319095,28.6125350253535,0.0,0.1161042659824252,0.4533460452295431
Drap1,0.00800994232988,0.0314437345458923,0.1694335907410301,29.09302607350927,29.360890103745103,29.51357455744973,0.0,0.6906514184512268,0.12401078235043053
Cfl1,0.0059052059052059,0.0721056721056721,0.6125874125874127,-0.1536270879769395,-0.0980838889724473,-0.0278901327777481,2.234680290880045,2.086817277928508,0.17345761560134276
Rnaseh2c,0.0191546447804258,0.1905179717373536,0.5039104645747324,0.0,27.49797409393387,28.584563816559047,0.0,0.1895461728570107,0.332690534200949
Malat1,0.3968919968919969,0.8665112665112666,1.0,-0.0396879389601973,0.0020040605613186,0.0366961494160859,5.23399145387328,5.242168433696557,0.8665112665112666
Neat1,0.2318570318570318,0.6943278943278944,1.0,-0.2877978843913323,-0.0172891419195821,0.2924939864781516,1.24575386349028,1.2320381407340566,0.7464875292855697
Fau,0.2318570318570318,0.778865578865579,1.0,-0.0478512844929028,-0.0113325250966662,0.0326914088086415,3.8136821689982,3.78336123687093,0.7860293910370559
Ehd1,0.0093240093240093,0.0289044289044289,0.1205905205905206,-0.4682015983177086,-0.332159159824232,-0.2071007900992504,1.69623030901789,1.329972478713235,0.12401078235043053
Sf1,0.16923422428119,0.6799884022342944,1.0,-1.3717236230537826,-0.0300663554817462,29.224717772356463,0.515808128013876,0.4661341919126914,0.7464875292855697
Prdx5,0.0012432012432012,0.0059052059052059,0.04009324009324,0.3740427167056001,0.486003382997022,0.5605632991124371,1.605847987612825,2.244383065082008,0.08349762270603607
Trmt112,0.0074408008082341,0.0191546447804258,0.0980347968077632,0.0,28.500761923032837,29.10952445463733,0.0,0.3798256038590127,0.10169468667027137
Ppp1r14b,0.0191546447804258,0.1673511592272537,0.5721700122963419,26.941726820039644,28.31714111303272,29.157146957869088,0.0,0.3344328001797607,0.30976432940377324
Fkbp2,0.0007946359005854,0.0087227998955471,0.0769241046186093,28.816323839129616,29.23621251133128,29.57360081777909,0.0,0.632378250620093,0.09161650952695705
Fermt3,0.0010130446880794,0.0014034822813198,0.0060656947207601,0.9497762318674294,29.799594309819668,29.94939522869104,0.0,0.9365445922709024,0.06475957094536
Cox8a,0.0021756021756021,0.0116550116550116,0.0721056721056721,0.1350269617188957,0.213107756348076,0.2779944758080421,2.10407029615597,2.44344158448132,0.10169468667027137
Rtn3,0.0056142135483653,0.0235867349104746,0.1272980462544935,28.960645959262568,29.517604242113094,29.70343168348269,0.0,0.7685715007703176,0.11323263180313418
Plaat3,0.0191546447804258,0.0449578329938776,0.0980347968077632,0.0,27.736610816460825,28.965238547511856,0.0,0.2236412092525115,0.12401078235043053
Slc3a2,0.0721056721056721,0.4634032634032634,0.9562121212121204,-0.1271304537446737,0.0890368635971531,0.2911598658288765,1.26966852443808,1.34637744466893,0.5989669144119406
Snhg1,0.0074408008082341,0.0191546447804258,0.0980347968077632,0.0,28.050735741379256,28.717965717537584,0.0,0.278043570605934,0.10169468667027137
Hnrnpul2,0.0025903828378144,0.0191546447804258,0.1479409233004462,0.0,28.02807979982076,29.139117495310863,0.0,0.2737113073527395,0.10169468667027137
Bscl2,0.0025903828378144,0.0191546447804258,0.0980347968077632,0.0,28.19253837586453,28.896431382598543,0.0,0.3067610945845342,0.10169468667027137
Ubxn1,0.0042232887177029,0.0355579056999209,0.3248386127491286,0.0976356711729576,0.3867021244173484,29.641567756202704,0.6357439728711237,0.8255678047809403,0.12401078235043053
Eef1g,0.2318570318570318,0.6943278943278944,1.0,-0.1491946774096585,-0.0156541409174369,0.1812316954814365,1.06245344887478,1.0457817340692972,0.7464875292855697
Ahnak,0.0010130446880794,0.0017898432786234,0.0029036471090051,-30.97821751103729,-30.927460989196728,-3.4251794144697114,2.047765280605415,0.0,0.06475957094536
Fth1,0.0006216006216006,0.0059052059052059,0.0726495726495721,0.0801382637065089,0.1115686164185237,0.1506781381551314,4.95223790730615,5.349397661015365,0.08349762270603607
Tmem258,0.1987168925470268,0.6943278943278944,1.0,-0.8008543853667263,-0.2244635762569549,0.1631738747699034,0.823085078558223,0.6896141396143335,0.7464875292855697
Slc15a3,0.04009324009324,0.4634032634032634,1.0,-0.094428586687023,0.065407374694229,0.2177002805101991,1.63000403089672,1.701618948744687,0.5989669144119406
AW112010,0.0014457807008947,0.0014457807008947,0.0014457807008947,1.346613653230874,1.530956326588449,1.8032466389462856,0.877540962714668,2.5541937758379314,0.06475957094536
Ms4a7,0.0930450589520381,0.3248386127491286,0.8616968286082338,-0.2204709678472489,0.2326743070961875,0.5627069536539138,1.59613183935357,1.865984459757139,0.47663912346176
Ms4a4c,0.0191546447804258,0.1905179717373536,0.7833921714580749,0.0,26.290011306698624,28.36777924435337,0.0,0.0820506421618547,0.332690534200949
Ms4a6c,0.0003108003108003,0.0037296037296037,0.04009324009324,0.2061042654931775,0.3099881542080129,0.4138256392775389,1.59623640057556,1.9755138742664724,0.07836135495709902
Ms4a6b,0.0064882642630802,0.0588420703637315,0.3968919968919969,0.1479933116896745,0.4192084008765109,0.7424406847846654,0.715952419473755,0.952776517039048,0.1489911397030381
Ms4a6d,0.1892773892773893,0.6943278943278944,1.0,-0.2879124657168594,-0.0344101393733914,0.2178601132034353,1.153009539917805,1.1092175391108752,0.7464875292855697
Mpeg1,0.04009324009324,0.1205905205905206,0.4634032634032634,0.0747643123199308,0.1717510254323839,0.2607971825107642,1.97180824240394,2.2188092280720757,0.2447752088039858
Zfp91,0.0921673180446737,0.3356643356643357,0.8665112665112666,-0.142627347318437,0.1209864008380568,0.4241442441799185,0.740896492496562,0.8118522047564205,0.4786549190881321
Gnaq,0.0391701660299839,0.2159249389401403,0.8153345943552276,-0.4307041442718899,28.825966018208952,29.370355036964327,0.0,0.5672215474992393,0.36668250593875934
Ostf1,0.0205128205128205,0.151981351981352,0.6125874125874127,0.0278141560099952,0.1445518425554163,0.2590569908983093,1.11086175602385,1.2338568351728836,0.28397650914207206
Zfand5,0.3356643356643357,0.778865578865579,1.0,-0.2261347547303102,0.0775263030816144,0.3040004776415987,0.9838138380750374,1.0424392468235268,0.7860293910370559
Jak2,0.0191546447804258,0.2414967793951539,0.9499559814709728,0.0,27.453782932250025,28.747959071804186,0.0,0.183828208455768,0.3915896053410747
Plgrkt,0.0007946359005854,0.0041476751667831,0.0383449826006377,28.854396326762085,29.111283979168988,29.33195405459109,0.0,0.5799226167825136,0.08110552925145172
Cd274,0.0086031545339284,0.0239017976171966,0.0921673180446737,0.4929414425857679,0.8873452961254353,30.24216006879513,0.656611062640492,1.2305665960661347,0.11323263180313418
Uhrf2,0.0191546447804258,0.0449578329938776,0.0980347968077632,0.0,26.929611965925247,28.34770198242784,0.0,0.1278265212545065,0.12401078235043053
Pten,0.1476485888064738,0.6943278943278944,1.0,-0.1747733746111482,0.1207104167459519,0.4875880461630297,0.7942528802330799,0.8642405813501597,0.7464875292855697
Lipa,0.0007946359005854,0.0023049801979101,0.0120737972431228,29.386874554398165,29.515587422887243,29.63780021301391,0.0,0.7674979090785323,0.06475957094536
March5,0.0025903828378144,0.0074408008082341,0.0779787345010902,27.038756003981124,28.70952487004016,29.309103145275632,0.0,0.4389634178289471,0.08349762270603607
Myof,0.0025903828378144,0.0025903828378144,0.0087227998955471,28.94955945154811,29.328885855975653,29.488962904442268,0.0,0.6743329503708609,0.06475957094536
Entpd1,0.0289044289044289,0.2467376368078808,0.8665112665112666,-1.057122726227868,-0.5197993632683376,-0.0572169170017629,0.84087365312545,0.5833816924269057,0.394580431332441
Tm9sf3,0.0721056721056721,0.5358197358197359,1.0,-0.288119740405287,-0.0843263950071305,0.1143358111825615,0.828346189777067,0.7842391706684413,0.6564788946922943
Pik3ap1,0.0059052059052059,0.0930450589520381,0.3968919968919969,0.1773355344613949,0.3953452047261757,0.6451023549366434,0.8204932332805305,1.077267531187601,0.2127678282366289
Pgam1,0.1020809611324846,0.3837143535858314,0.9536916548852497,0.0551148306481166,0.3397877006900248,29.68568367020555,0.650416236041419,0.805187276722445,0.5378536893768752
Got1,0.0797658542701715,0.2561796261420456,0.6325851216960414,-3.3112408290371773,-1.0592345939993786,-0.4489388745949509,0.7083635481695665,0.335251497061425,0.4086872064867044
Ndufb8,0.280963480963481,0.6943278943278944,1.0,-0.1704610932109143,0.1843084101555733,0.4331129955610412,0.877503754371417,0.9961252141614804,0.7464875292855697
Atp5md,0.2318570318570318,0.778865578865579,1.0,-0.0930350834752454,0.0995821079813609,0.2752510201013549,1.0637276372004951,1.1305196989340205,0.7860293910370559
Slk,0.0191546447804258,0.0583453023368575,0.4734938362810501,0.0,27.45333508340596,28.72749997483311,0.0,0.1837711524100517,0.1479229423816349
Sfr1,0.0769241046186093,0.5109393498748492,1.0,-0.6566800096235359,28.970109203606118,29.407178156588056,0.0,0.563184578170302,0.6497779884113505
Mxi1,0.0060562738692192,0.0995927108704562,0.5173262572454994,-29.499322489873794,-29.268893039791944,0.0,0.657730165735909,0.0,0.21473319210606004
Smndc1,0.0074408008082341,0.0191546447804258,0.0449578329938776,26.290011306698624,28.17383000939796,28.946778648335464,0.0,0.3028084039549627,0.10169468667027137
Dusp5,0.0006216006216006,0.0175710667676868,0.1205905205905206,-1.318200033611846,-0.8253024696185645,-0.531120520821871,1.423372156189,0.803087982113754,0.10169468667027137
Acsl5,0.0025903828378144,0.0191546447804258,0.113048723731741,0.0,28.51480946754079,28.952973682411656,0.0,0.3835420359174225,0.10169468667027137
Shtn1,0.0074408008082341,0.0191546447804258,0.0449578329938776,26.55161786332378,28.441225371966137,29.017616621591277,0.0,0.3644701363138339,0.10169468667027137
Eif3a,0.0205128205128205,0.2318570318570318,0.7810567210567192,-0.3699190954498131,-0.144688020849714,-0.0216925500166031,1.55156609912805,1.4145796549545149,0.3822350900815007
Csf2ra,0.0721056721056721,0.3968919968919969,0.9550893550893552,-0.1227076257091001,0.1050255337534723,0.3266593317744358,0.9440430222606504,1.0207785571798835,0.5383665479819326
Rbm3,0.0289044289044289,0.151981351981352,0.3985547785547771,-0.3928791381595184,-0.2281272002058862,-0.083294208813111,1.6166970990629048,1.3727483543406875,0.28397650914207206
Cybb,0.0003108003108003,0.0021756021756021,0.04009324009324,0.165546885963457,0.2457395088486337,0.3138251246299469,1.98379035902333,2.3590485989413423,0.06475957094536
Atp6ap2,0.0205128205128205,0.2318570318570318,0.9550893550893552,-0.0278461264069562,0.0862500552398475,0.2160607232582033,1.07055583091034,1.1334309059065677,0.3822350900815007
Usp9x,0.2807184029363292,0.778865578865579,1.0,-0.4391417950314352,-0.1622237508200827,0.1099194534901454,0.782956176950796,0.699334661453251,0.7860293910370559
Ddx3x,0.0059052059052059,0.0721056721056721,0.3968919968919969,-0.5174291402460192,-0.3130168325848501,-0.1177561987633989,1.26267206678161,1.0062797743502734,0.17345761560134276
Ndufb11,0.0037296037296037,0.1205905205905206,0.6125874125874127,0.0796509985540442,0.2035787848798118,0.3472071402529597,0.750911495878616,0.8592184492771286,0.2447752088039858
Uba1,0.0074408008082341,0.0191546447804258,0.3013890417146279,0.0,27.94700526609976,28.91853596557216,0.0,0.2587538809899425,0.10169468667027137
Cfp,0.0231509519852463,0.1066231979755862,0.414435497716131,0.1162769683670389,29.51303506662768,30.048612206309663,0.0,0.9038587864341592,0.22497950427540891
Slc25a5,0.1205905205905206,0.4634032634032634,1.0,-0.0371054134714768,0.1174872173840268,0.2325103353365529,1.34674720672167,1.46639012813044,0.5989669144119406
Rpl39,0.0093240093240093,0.1205905205905206,0.5358197358197359,0.0160296005889793,0.0789481261500075,0.1254516327933157,3.29549989011899,3.485053751144665,0.2447752088039858
Ndufa1,0.0093240093240093,0.0721056721056721,0.3251092558220085,0.0256599297791471,0.2359601317949877,0.4747032639403126,0.795682697992017,0.9259738987116172,0.17345761560134276
Lamp2,0.1205905205905206,0.6125874125874127,1.0,-0.0686815531632741,0.0755248818439523,0.2067209902030601,1.3182100958067,1.39720034863325,0.7121013183402826
Mcts1,0.0191546447804258,0.0449578329938776,0.203551256135826,0.0,26.79084575319095,28.259578988126503,0.0,0.1161042659824252,0.12401078235043053
Hprt,0.0015383197232882,0.0087227998955471,0.0327788695088586,29.2939133784441,29.52303994063748,29.654941540945742,0.0,0.7714727397974539,0.09161650952695705
Bcap31,0.0074408008082341,0.0830811869664738,0.5022642955663339,28.489222870052863,29.02816429888934,29.244155532545424,0.0,0.5474546793465005,0.1951074248023612
Ssr4,0.2307925407925408,0.778865578865579,1.0,-0.0326035054743182,0.0976631820594988,0.2596500522622246,1.18557105883168,1.264320842469455,0.7860293910370559
Irak1,0.0073195403589736,0.0191546447804258,0.0980347968077632,0.0,28.07173405391842,28.89757074715216,0.0,0.2821203846971227,0.10169468667027137
Emd,0.0007946359005854,0.0123932749910412,0.0583453023368575,28.61543077543906,29.19004237861533,29.48431726042476,0.0,0.612460846053814,0.10169468667027137
Rpl10,0.0286946386946387,0.3356643356643357,0.9550893550893552,-0.0097023824900893,0.0697845871685039,0.1321583000890463,2.831279963426365,2.973298040345525,0.4786549190881321
Atp6ap1,0.1149197468315532,0.3164717878479781,0.7260951618325295,-0.3198039617256937,29.131450884140527,29.41485601765877,0.0,0.5900463183210161,0.4671388497756029
Msn,0.0721056721056721,0.5358197358197359,0.9550893550893552,-0.1519075402653482,-0.041315284632506,0.0440868677010575,1.3169610622603352,1.28672748002304,0.6564788946922943
Il2rg,0.0025903828378144,0.0143763260422726,0.0586501936991571,29.12038518901117,29.60598426122739,29.84080608018066,0.0,0.8171266806695052,0.10169468667027137
Nono,0.0074408008082341,0.0449578329938776,0.0980347968077632,0.0,27.858567040052783,28.756398090248933,0.0,0.2433684709416455,0.12401078235043053
Rps4x,0.3953613053613055,0.778865578865579,1.0,-0.087181167255491,-0.0479712140997984,0.0143462378784934,3.14972875998521,3.0412487840533453,0.7860293910370559
Xist,0.151981351981352,0.5358197358197359,1.0,-0.0249650394183616,0.0457730262798896,0.1021603854472511,2.13961621982226,2.21306260019027,0.6564788946922943
Rlim,0.0074408008082341,0.0449578329938776,0.3017364568784691,0.0,28.211907230601653,28.87296919067575,0.0,0.31090686377306,0.12401078235043053
Atrx,0.0063457053762778,0.0553192420704978,0.3502013891792955,0.1254082221817868,0.4557387209346066,29.69325757968831,0.628509508908897,0.8552959413592567,0.14413445348039086
Magt1,0.1332470203401324,0.6155996805739075,1.0,0.0,27.756606457166185,28.835895150744097,0.0,0.2267624390133897,0.7135031508999221
Cox7b,0.151981351981352,0.6125874125874127,1.0,-0.1661881388521257,0.021997374386674,0.2434609299332052,1.05019834285839,1.072412651815255,0.7121013183402826
Pgk1,0.1611249492890518,0.5207033237981002,1.0,-0.3977949268182465,0.315735096042128,29.71443067624324,0.6720405405247935,0.8022687691807917,0.6564788946922943
Sh3bgrl,0.3356643356643357,0.778865578865579,1.0,-0.1729552246714815,0.0315824286151061,0.2166400100822777,1.18557105883168,1.2305732526902449,0.7860293910370559
Gm6377,0.0191546447804258,0.1905179717373536,0.9422825900946644,0.0,27.22257005236183,28.633425733898545,0.0,0.1566066292506757,0.332690534200949
Rpl36a,0.0721056721056721,0.3356643356643357,0.8687257187257168,-0.0038074336329498,0.0719804120646584,0.1371021085246205,2.11243422410822,2.2312697057306297,0.4786549190881321
Gla,0.0449578329938776,0.0449578329938776,0.203551256135826,0.0,27.391785962940357,27.783633747734186,0.0,0.1760958848672835,0.12401078235043053
Hnrnph2,0.0093240093240093,0.151981351981352,0.9550893550893552,-1.0951481928746791,-0.3055188961665123,-0.0194970103169613,0.735933317095064,0.5950749017240966,0.28397650914207206
Tceal9,0.0074408008082341,0.0449578329938776,0.530252539023499,0.0,27.536482732075143,28.78481461091396,0.0,0.1946736964043774,0.12401078235043053
Morf4l2,0.0355579056999209,0.4082349606198218,1.0,-29.278204311162945,-0.5629638432305966,28.816323839129616,0.626759294832264,0.3987081899860247,0.5522356487836629
Acsl4,0.0191546447804258,0.0980347968077632,0.5574761251530972,0.0,26.99633254923563,28.774752031403654,0.0,0.13387696767703,0.2127678282366289
Huwe1,0.0191546447804258,0.1704181223248704,0.6819139751497332,0.0,27.96928801576796,28.917078851439623,0.0,0.2627814159715705,0.31106819925288265
Smc1a,0.0025903828378144,0.0191546447804258,0.113048723731741,0.0,28.414424337594,29.04518165643177,0.0,0.3577659265899312,0.10169468667027137
Sat1,0.0938616938616938,0.280963480963481,0.778865578865579,0.0141603743382804,0.1512815188824165,0.2824561956676495,1.5059565566732,1.67552912190741,0.43115996495949876
Eif1ax,0.0191546447804258,0.4140017389158428,1.0,0.0,27.452127482966038,28.680371420831637,0.0,0.1836173920754412,0.5581252111664092
Tmsb4x,0.0938616938616938,0.280963480963481,0.6943278943278944,0.0071416423949639,0.0246970137504298,0.0423724054189247,5.35370820129742,5.446658337166083,0.43115996495949876
Gm47283,0.451509187944989,0.8620647160700694,1.0,-0.104581496865383,0.135121228434425,0.2917315935472948,0.940602412395344,1.0259931477255588,0.8646916273430102
mt-Nd1,0.0938616938616938,0.4634032634032634,1.0,-0.0246547826581404,0.019911157200046,0.0601099703018022,2.90354446684707,2.955804572990475,0.5989669144119406
mt-Nd2,0.1892773892773893,0.5358197358197359,1.0,-0.1066251678364645,-0.0596928877261835,-0.0024816938801195,2.6575612331611502,2.552539883925955,0.6564788946922943
mt-Co1,0.0003108003108003,0.0021756021756021,0.0093240093240093,0.0584688330004331,0.0845096161877622,0.1113023461576479,3.99489997906216,4.235855701503287,0.06475957094536
mt-Co2,0.0003108003108003,0.0139860139860139,0.0938616938616938,0.0352362487045854,0.0567953138632313,0.0723174185020078,4.067776798902775,4.230639411877243,0.10169468667027137
mt-Atp8,0.0798387196458526,0.2971897434333751,0.7715426535572856,-1.067358531956362,-0.460211721615449,-0.1213878664211493,0.754540268793794,0.5670001677991615,0.4533460452295431
mt-Atp6,0.0092385392385392,0.04009324009324,0.280963480963481,0.0225620847592629,0.0533350437552877,0.0750891760224642,4.041084013884555,4.199066804017662,0.12401078235043053
mt-Co3,0.054079254079254,0.2318570318570318,0.778865578865579,0.0067325172833031,0.0372673063890035,0.0574735499340961,3.95545245129298,4.055174918076785,0.3822350900815007
mt-Nd3,0.1892773892773893,0.5358197358197359,1.0,-0.0978415687350927,0.0420302515965693,0.176093208062671,1.59951433576973,1.64927848835204,0.6564788946922943
mt-Nd4l,0.151981351981352,0.5358197358197359,0.9550893550893552,-0.2702640184902226,-0.1342276844388932,-0.0029863487682223,1.30832369810097,1.1979754399261826,0.6564788946922943
mt-Nd4,0.04009324009324,0.280963480963481,0.9550893550893552,0.0046914233050959,0.0665298048436046,0.1039041004337405,2.862135499844515,3.000966199262855,0.43115996495949876
mt-Nd5,0.2318570318570318,0.6125874125874127,1.0,-0.0147251205308931,0.0620894823670653,0.1385952454976387,1.65332355579741,1.735933150545415,0.7121013183402826
mt-Cytb,0.0006216006216006,0.04009324009324,0.3356643356643357,0.0252472179679643,0.0589485779775739,0.0959632737984735,3.03306063263487,3.160368842282818,0.12401078235043053
AC149090.1,0.0007946359005854,0.0087227998955471,0.0441363158740108,28.92208760297972,29.35806498161324,29.677339196519988,0.0,0.6881104819586865,0.09161650952695705
